Raspa-1.0: input files for dlpoly
         2         3
        9.4590000000        0.0000000000        0.0000000000
       -0.6713541877        9.4351451793        0.0000000000
       -0.6713541877       -0.7208215219        9.4075704030
Si               1
        0.1665216537        2.5126326027        8.2250388034
        0.0000000000        0.0000000000        0.0000000000
        0.0000000000        0.0000000000        0.0000000000
O                2
        2.0283852033        6.9206789890        0.0000000000
        0.0000000000        0.0000000000        0.0000000000
        0.0000000000        0.0000000000        0.0000000000
O                3
        0.5186000591        7.6538015544        4.7037852015
        0.0000000000        0.0000000000        0.0000000000
        0.0000000000        0.0000000000        0.0000000000
O                4
        1.6000284572        1.7179232194        8.4009603699
        0.0000000000        0.0000000000        0.0000000000
        0.0000000000        0.0000000000        0.0000000000
O                5
       -0.0350954176       -0.0376813503        3.0038372297
        0.0000000000        0.0000000000        0.0000000000
        0.0000000000        0.0000000000        0.0000000000
Si               6
        7.9770247325        0.7345448481        3.1336617013
        0.0000000000        0.0000000000        0.0000000000
        0.0000000000        0.0000000000        0.0000000000
O                7
       -0.6713541877        1.9857436040        6.9004528906
        0.0000000000        0.0000000000        0.0000000000
        0.0000000000        0.0000000000        0.0000000000
O                8
        4.0581458123        0.8086670633        7.9907903003
        0.0000000000        0.0000000000        0.0000000000
        0.0000000000        0.0000000000        0.0000000000
O                9
        8.1108070936        2.1811952115        2.3547148719
        0.0000000000        0.0000000000        0.0000000000
        0.0000000000        0.0000000000        0.0000000000
O               10
        2.9928674491        0.1777722026        0.1919144362
        0.0000000000        0.0000000000        0.0000000000
        0.0000000000        0.0000000000        0.0000000000
Si              11
        2.4944770461        8.1746865671        0.9718020226
        0.0000000000        0.0000000000        0.0000000000
        0.0000000000        0.0000000000        0.0000000000
O               12
        6.7592606090       -0.1920989356        2.5071175124
        0.0000000000        0.0000000000        0.0000000000
        0.0000000000        0.0000000000        0.0000000000
O               13
        7.5976915655        4.6090168685        1.4167801027
        0.0000000000        0.0000000000        0.0000000000
        0.0000000000        0.0000000000        0.0000000000
O               14
        1.6000284572        8.2451630182        2.3547148719
        0.0000000000        0.0000000000        0.0000000000
        0.0000000000        0.0000000000        0.0000000000
O               15
       -0.0350954176        2.9979370967        0.1919144362
        0.0000000000        0.0000000000        0.0000000000
        0.0000000000        0.0000000000        0.0000000000
Si              16
        5.6218145785        8.3698874170        1.1825315997
        0.0000000000        0.0000000000        0.0000000000
        0.0000000000        0.0000000000        0.0000000000
O               17
        6.5162631674        6.9964004381        1.0066100331
        0.0000000000        0.0000000000        0.0000000000
        0.0000000000        0.0000000000        0.0000000000
O               18
        8.1513870421        8.7520050077        6.4037331734
        0.0000000000        0.0000000000        0.0000000000
        0.0000000000        0.0000000000        0.0000000000
Si              19
        0.1392668921        5.6459376614        8.4357683804
        0.0000000000        0.0000000000        0.0000000000
        0.0000000000        0.0000000000        0.0000000000
O               20
        0.0054845309        6.5331284460        7.0528555312
        0.0000000000        0.0000000000        0.0000000000
        0.0000000000        0.0000000000        0.0000000000
O               21
        5.1234241754        8.5365514548        9.2156559668
        0.0000000000        0.0000000000        0.0000000000
        0.0000000000        0.0000000000        0.0000000000
Si              22
        7.9497699708        0.7052818761        6.2739087018
        0.0000000000        0.0000000000        0.0000000000
        0.0000000000        0.0000000000        0.0000000000
O               23
        6.5162631674        0.4691606392        7.0528555312
        0.0000000000        0.0000000000        0.0000000000
        0.0000000000        0.0000000000        0.0000000000
O               24
        8.1513870421        5.7163865607        9.2156559668
        0.0000000000        0.0000000000        0.0000000000
        0.0000000000        0.0000000000        0.0000000000
Si              25
        7.9497699708        6.2016910548        1.1825315997
        0.0000000000        0.0000000000        0.0000000000
        0.0000000000        0.0000000000        0.0000000000
O               26
        6.7592606090        2.5144661903        0.0000000000
        0.0000000000        0.0000000000        0.0000000000
        0.0000000000        0.0000000000        0.0000000000
O               27
        7.5976915655        1.0605221031        4.7037852015
        0.0000000000        0.0000000000        0.0000000000
        0.0000000000        0.0000000000        0.0000000000
Si              28
        0.1392668921        7.9797788094        6.2739087018
        0.0000000000        0.0000000000        0.0000000000
        0.0000000000        0.0000000000        0.0000000000
O               29
       -0.6713541877        6.7285800534        2.5071175124
        0.0000000000        0.0000000000        0.0000000000
        0.0000000000        0.0000000000        0.0000000000
O               30
        4.0581458123        7.9056565941        1.4167801027
        0.0000000000        0.0000000000        0.0000000000
        0.0000000000        0.0000000000        0.0000000000
Si              31
        5.6218145785        0.5396370904        8.4357683804
        0.0000000000        0.0000000000        0.0000000000
        0.0000000000        0.0000000000        0.0000000000
O               32
        2.0283852033       -0.5287225863        6.9004528906
        0.0000000000        0.0000000000        0.0000000000
        0.0000000000        0.0000000000        0.0000000000
O               33
        0.5186000591        4.1053067890        7.9907903003
        0.0000000000        0.0000000000        0.0000000000
        0.0000000000        0.0000000000        0.0000000000
Si              34
        2.4944770461        0.3444362405        8.2250388034
        0.0000000000        0.0000000000        0.0000000000
        0.0000000000        0.0000000000        0.0000000000
Si              35
        7.9770247325        3.0683859960        0.9718020226
        0.0000000000        0.0000000000        0.0000000000
        0.0000000000        0.0000000000        0.0000000000
Si              36
        0.1665216537        8.0090417813        3.1336617013
        0.0000000000        0.0000000000        0.0000000000
        0.0000000000        0.0000000000        0.0000000000
  C_meth        37
        4.3938229061        4.7175725897        0.0000000000
        0.0000000000        0.0000000000        0.0000000000
        0.0000000000        0.0000000000        0.0000000000
  H_meth        38
        3.8543297506        4.2752168600        0.8361755459
        0.0000000000        0.0000000000        0.0000000000
        0.0000000000        0.0000000000        0.0000000000
  H_meth        39
        5.0990257883        5.4582918464        0.3740919440
        0.0000000000        0.0000000000        0.0000000000
        0.0000000000        0.0000000000        0.0000000000
  H_meth        40
        4.9351210243        3.9389565278       -0.5354206405
        0.0000000000        0.0000000000        0.0000000000
        0.0000000000        0.0000000000        0.0000000000
  H_meth        41
        3.6868145496        5.1978245466       -0.6748474853
        0.0000000000        0.0000000000        0.0000000000
        0.0000000000        0.0000000000        0.0000000000
