CHA_SI
UNITS Kelvin
MOLECULES 2
CHA_SI
NUMMOL 1
ATOMS 36
Si        28.085500     2.050000   1        1
O         15.999400    -1.025000   1        1
O         15.999400    -1.025000   1        1
O         15.999400    -1.025000   1        1
O         15.999400    -1.025000   1        1
Si        28.085500     2.050000   1        1
O         15.999400    -1.025000   1        1
O         15.999400    -1.025000   1        1
O         15.999400    -1.025000   1        1
O         15.999400    -1.025000   1        1
Si        28.085500     2.050000   1        1
O         15.999400    -1.025000   1        1
O         15.999400    -1.025000   1        1
O         15.999400    -1.025000   1        1
O         15.999400    -1.025000   1        1
Si        28.085500     2.050000   1        1
O         15.999400    -1.025000   1        1
O         15.999400    -1.025000   1        1
Si        28.085500     2.050000   1        1
O         15.999400    -1.025000   1        1
O         15.999400    -1.025000   1        1
Si        28.085500     2.050000   1        1
O         15.999400    -1.025000   1        1
O         15.999400    -1.025000   1        1
Si        28.085500     2.050000   1        1
O         15.999400    -1.025000   1        1
O         15.999400    -1.025000   1        1
Si        28.085500     2.050000   1        1
O         15.999400    -1.025000   1        1
O         15.999400    -1.025000   1        1
Si        28.085500     2.050000   1        1
O         15.999400    -1.025000   1        1
O         15.999400    -1.025000   1        1
Si        28.085500     2.050000   1        1
Si        28.085500     2.050000   1        1
Si        28.085500     2.050000   1        1
BONDS 0
ANGLES 0
DIHEDRALS 0
FINISH
methane
NUMMOL 1
ATOMS 5
C_meth    16.042460    -0.400000 1   0
H_meth    16.042460     0.100000 1   0
H_meth    16.042460     0.100000 1   0
H_meth    16.042460     0.100000 1   0
H_meth    16.042460     0.100000 1   0
RIGID 1
    5     1    2    3    4    5
FINISH
VDW 5
     O C_meth lj    89.000000     3.007000
     O H_meth lj    71.240000     2.606000
C_meth C_meth lj    30.700000     3.600000
C_meth H_meth lj    27.952012     2.980000
H_meth H_meth lj    25.450000     2.360000
CLOSE
