0 0.012000 0.000000
1 0.036000 0.000000
2 0.060000 0.000000
3 0.084000 0.000000
4 0.108000 0.000000
5 0.132000 0.000000
6 0.156000 0.000000
7 0.180000 0.000000
8 0.204000 0.000000
9 0.228000 0.000000
10 0.252000 0.000000
11 0.276000 0.000000
12 0.300000 0.000000
13 0.324000 0.000000
14 0.348000 0.000000
15 0.372000 0.000000
16 0.396000 0.000000
17 0.420000 0.000000
18 0.444000 0.000000
19 0.468000 0.000000
20 0.492000 0.000000
21 0.516000 0.000000
22 0.540000 0.000000
23 0.564000 0.000000
24 0.588000 0.000000
25 0.612000 0.000000
26 0.636000 0.000000
27 0.660000 0.000000
28 0.684000 0.000000
29 0.708000 0.000000
30 0.732000 0.000000
31 0.756000 0.000000
32 0.780000 0.000000
33 0.804000 0.000000
34 0.828000 0.000000
35 0.852000 0.000000
36 0.876000 0.000000
37 0.900000 0.000000
38 0.924000 0.000000
39 0.948000 0.000000
40 0.972000 0.000000
41 0.996000 0.000000
42 1.020000 0.000000
43 1.044000 0.000000
44 1.068000 0.000000
45 1.092000 0.000000
46 1.116000 0.000000
47 1.140000 0.000000
48 1.164000 0.000000
49 1.188000 0.000000
50 1.212000 0.000000
51 1.236000 0.000000
52 1.260000 0.000000
53 1.284000 0.000000
54 1.308000 0.000057
55 1.332000 0.000000
56 1.356000 0.000066
57 1.380000 0.000038
58 1.404000 0.000184
59 1.428000 0.000344
60 1.452000 0.000333
61 1.476000 0.000689
62 1.500000 0.000947
63 1.524000 0.001950
64 1.548000 0.003315
65 1.572000 0.003881
66 1.596000 0.005724
67 1.620000 0.006756
68 1.644000 0.009141
69 1.668000 0.011213
70 1.692000 0.015863
71 1.716000 0.021024
72 1.740000 0.030504
73 1.764000 0.036771
74 1.788000 0.044920
75 1.812000 0.057253
76 1.836000 0.067226
77 1.860000 0.087451
78 1.884000 0.106869
79 1.908000 0.140119
80 1.932000 0.167132
81 1.956000 0.212189
82 1.980000 0.261438
83 2.004000 0.320621
84 2.028000 0.379090
85 2.052000 0.457997
86 2.076000 0.558116
87 2.100000 0.636742
88 2.124000 0.753419
89 2.148000 0.869045
90 2.172000 0.958422
91 2.196000 1.062726
92 2.220000 1.159730
93 2.244000 1.244888
94 2.268000 1.316812
95 2.292000 1.364478
96 2.316000 1.404951
97 2.340000 1.432178
98 2.364000 1.460227
99 2.388000 1.448586
100 2.412000 1.436672
101 2.436000 1.408417
102 2.460000 1.386985
103 2.484000 1.333537
104 2.508000 1.300902
105 2.532000 1.242309
106 2.556000 1.196333
107 2.580000 1.159129
108 2.604000 1.116311
109 2.628000 1.064602
110 2.652000 1.024895
111 2.676000 0.984740
112 2.700000 0.950230
113 2.724000 0.921407
114 2.748000 0.891771
115 2.772000 0.870498
116 2.796000 0.862862
117 2.820000 0.838475
118 2.844000 0.831196
119 2.868000 0.814637
120 2.892000 0.810604
121 2.916000 0.806132
122 2.940000 0.803639
123 2.964000 0.802751
124 2.988000 0.815997
125 3.012000 0.817982
126 3.036000 0.815008
127 3.060000 0.821361
128 3.084000 0.827846
129 3.108000 0.843003
130 3.132000 0.843956
131 3.156000 0.851688
132 3.180000 0.868363
133 3.204000 0.884094
134 3.228000 0.898476
135 3.252000 0.917472
136 3.276000 0.927462
137 3.300000 0.943807
138 3.324000 0.962246
139 3.348000 0.977798
140 3.372000 0.983397
141 3.396000 0.998531
142 3.420000 1.020588
143 3.444000 1.038010
144 3.468000 1.050389
145 3.492000 1.063715
146 3.516000 1.083098
147 3.540000 1.098924
148 3.564000 1.102947
149 3.588000 1.114512
150 3.612000 1.123708
151 3.636000 1.133804
152 3.660000 1.139309
153 3.684000 1.143031
154 3.708000 1.136636
155 3.732000 1.124041
156 3.756000 1.127494
157 3.780000 1.126752
158 3.804000 1.109575
159 3.828000 1.099175
160 3.852000 1.086244
161 3.876000 1.090505
162 3.900000 1.074364
163 3.924000 1.062239
164 3.948000 1.053326
165 3.972000 1.049546
166 3.996000 1.042798
167 4.020000 1.029699
168 4.044000 1.021451
169 4.068000 1.014559
170 4.092000 1.013699
171 4.116000 1.016945
172 4.140000 1.011056
173 4.164000 1.013784
174 4.188000 1.013564
175 4.212000 1.008158
176 4.236000 1.015085
177 4.260000 1.016887
178 4.284000 1.020762
179 4.308000 1.015793
180 4.332000 1.017270
181 4.356000 1.023222
182 4.380000 1.022497
183 4.404000 1.019420
184 4.428000 1.021788
185 4.452000 1.023024
186 4.476000 1.023495
187 4.500000 1.026968
188 4.524000 1.027840
189 4.548000 1.030201
190 4.572000 1.029632
191 4.596000 1.031204
192 4.620000 1.030546
193 4.644000 1.036032
194 4.668000 1.036227
195 4.692000 1.033509
196 4.716000 1.032567
197 4.740000 1.033912
198 4.764000 1.027146
199 4.788000 1.024401
200 4.812000 1.024349
201 4.836000 1.015723
202 4.860000 1.016544
203 4.884000 1.015068
204 4.908000 1.014962
205 4.932000 1.005976
206 4.956000 1.003194
207 4.980000 1.002945
208 5.004000 0.992530
209 5.028000 0.993766
210 5.052000 0.981772
211 5.076000 0.988038
212 5.100000 0.979947
213 5.124000 0.984537
214 5.148000 0.984394
215 5.172000 0.976830
216 5.196000 0.976010
217 5.220000 0.974639
218 5.244000 0.977530
219 5.268000 0.971122
220 5.292000 0.974115
221 5.316000 0.977664
222 5.340000 0.973010
223 5.364000 0.972369
224 5.388000 0.975753
225 5.412000 0.977485
226 5.436000 0.977210
227 5.460000 0.974968
228 5.484000 0.975616
229 5.508000 0.977515
230 5.532000 0.978291
231 5.556000 0.983035
232 5.580000 0.984155
233 5.604000 0.980554
234 5.628000 0.980654
235 5.652000 0.987113
236 5.676000 0.989688
237 5.700000 0.983887
238 5.724000 0.989546
239 5.748000 0.985413
240 5.772000 0.990763
241 5.796000 0.997627
242 5.820000 0.990557
243 5.844000 0.991646
244 5.868000 0.993000
245 5.892000 0.991613
246 5.916000 0.993013
247 5.940000 0.994914
248 5.964000 1.002170
249 5.988000 1.000611
250 6.012000 0.999030
251 6.036000 0.995273
252 6.060000 0.999519
253 6.084000 0.999494
254 6.108000 0.999245
255 6.132000 1.002455
256 6.156000 1.000089
257 6.180000 1.002973
258 6.204000 0.998884
259 6.228000 0.997024
260 6.252000 0.998709
261 6.276000 1.003015
262 6.300000 0.997781
263 6.324000 0.996893
264 6.348000 0.995502
265 6.372000 0.995991
266 6.396000 0.997687
267 6.420000 0.998912
268 6.444000 0.995868
269 6.468000 0.999412
270 6.492000 1.004058
271 6.516000 1.002487
272 6.540000 1.003515
273 6.564000 1.002602
274 6.588000 0.997771
275 6.612000 1.001526
276 6.636000 1.000435
277 6.660000 1.003197
278 6.684000 1.000092
279 6.708000 1.002799
280 6.732000 0.997834
281 6.756000 1.000464
282 6.780000 0.998454
283 6.804000 1.005030
284 6.828000 1.001232
285 6.852000 1.002245
286 6.876000 1.006370
287 6.900000 1.002112
288 6.924000 1.004461
289 6.948000 1.003993
290 6.972000 1.000373
291 6.996000 1.004973
292 7.020000 1.005422
293 7.044000 1.007233
294 7.068000 1.003911
295 7.092000 1.005501
296 7.116000 1.003605
297 7.140000 1.003462
298 7.164000 1.001751
299 7.188000 1.006000
300 7.212000 1.005859
301 7.236000 1.006379
302 7.260000 1.004608
303 7.284000 1.005802
304 7.308000 1.005928
305 7.332000 1.008431
306 7.356000 1.007756
307 7.380000 1.005064
308 7.404000 1.005150
309 7.428000 1.006437
310 7.452000 1.009359
311 7.476000 1.005920
312 7.500000 1.007800
313 7.524000 1.004909
314 7.548000 1.005171
315 7.572000 1.006240
316 7.596000 1.007414
317 7.620000 1.005547
318 7.644000 1.005858
319 7.668000 1.009649
320 7.692000 1.008445
321 7.716000 1.013701
322 7.740000 1.008141
323 7.764000 1.008718
324 7.788000 1.008000
325 7.812000 1.008152
326 7.836000 1.007209
327 7.860000 1.003005
328 7.884000 1.006131
329 7.908000 1.003526
330 7.932000 1.006546
331 7.956000 1.002016
332 7.980000 1.002888
333 8.004000 1.003534
334 8.028000 1.000709
335 8.052000 1.000986
336 8.076000 1.001105
337 8.100000 1.001746
338 8.124000 1.000032
339 8.148000 0.996741
340 8.172000 1.000424
341 8.196000 1.000069
342 8.220000 1.000933
343 8.244000 0.998281
344 8.268000 0.996185
345 8.292000 1.001476
346 8.316000 1.001036
347 8.340000 0.997036
348 8.364000 0.999357
349 8.388000 0.995522
350 8.412000 0.998178
351 8.436000 0.997420
352 8.460000 0.999184
353 8.484000 0.999224
354 8.508000 0.998252
355 8.532000 0.997667
356 8.556000 1.001345
357 8.580000 0.997529
358 8.604000 0.998534
359 8.628000 0.997110
360 8.652000 0.997649
361 8.676000 0.995551
362 8.700000 0.994699
363 8.724000 0.997741
364 8.748000 0.994690
365 8.772000 0.995219
366 8.796000 0.996527
367 8.820000 0.992800
368 8.844000 0.994525
369 8.868000 0.995865
370 8.892000 0.994050
371 8.916000 0.996412
372 8.940000 0.998621
373 8.964000 0.994849
374 8.988000 0.996358
375 9.012000 0.996505
376 9.036000 0.996978
377 9.060000 0.996678
378 9.084000 0.996078
379 9.108000 0.999390
380 9.132000 0.998570
381 9.156000 1.000643
382 9.180000 0.999647
383 9.204000 1.001611
384 9.228000 1.001436
385 9.252000 1.002922
386 9.276000 1.003551
387 9.300000 0.999733
388 9.324000 1.003341
389 9.348000 1.002658
390 9.372000 1.000580
391 9.396000 1.001897
392 9.420000 1.002423
393 9.444000 1.003551
394 9.468000 1.004371
395 9.492000 1.001329
396 9.516000 1.002706
397 9.540000 1.003668
398 9.564000 1.004696
399 9.588000 1.004952
400 9.612000 1.006137
401 9.636000 1.005488
402 9.660000 1.004103
403 9.684000 1.005229
404 9.708000 1.003916
405 9.732000 1.001767
406 9.756000 1.004223
407 9.780000 1.001544
408 9.804000 1.001727
409 9.828000 1.002536
410 9.852000 1.001306
411 9.876000 1.002416
412 9.900000 1.003540
413 9.924000 1.000640
414 9.948000 1.004751
415 9.972000 1.000180
416 9.996000 1.001073
417 10.020000 1.002886
418 10.044000 1.003296
419 10.068000 1.003235
420 10.092000 1.003958
421 10.116000 1.004934
422 10.140000 1.004693
423 10.164000 1.001522
424 10.188000 1.002018
425 10.212000 0.999145
426 10.236000 0.999889
427 10.260000 1.002849
428 10.284000 0.997598
429 10.308000 0.999718
430 10.332000 1.000310
431 10.356000 0.998139
432 10.380000 0.998071
433 10.404000 1.000354
434 10.428000 1.000856
435 10.452000 0.997669
436 10.476000 0.999068
437 10.500000 0.999907
438 10.524000 1.000162
439 10.548000 1.000804
440 10.572000 0.999438
441 10.596000 1.001431
442 10.620000 0.999145
443 10.644000 1.002398
444 10.668000 0.999757
445 10.692000 1.003639
446 10.716000 1.001215
447 10.740000 0.999038
448 10.764000 1.001595
449 10.788000 1.003167
450 10.812000 1.002803
451 10.836000 1.004612
452 10.860000 1.002195
453 10.884000 1.003101
454 10.908000 1.002839
455 10.932000 1.004426
456 10.956000 1.003845
457 10.980000 1.002713
458 11.004000 1.003751
459 11.028000 1.004818
460 11.052000 1.002413
461 11.076000 1.004117
462 11.100000 0.999985
463 11.124000 1.001861
464 11.148000 0.999654
465 11.172000 1.000429
466 11.196000 1.000656
467 11.220000 1.001019
468 11.244000 0.997561
469 11.268000 0.999919
470 11.292000 1.000975
471 11.316000 0.999975
472 11.340000 0.998671
473 11.364000 0.999134
474 11.388000 1.000628
475 11.412000 1.001116
476 11.436000 1.000983
477 11.460000 1.003786
478 11.484000 1.001522
479 11.508000 1.001165
480 11.532000 1.002790
481 11.556000 0.999596
482 11.580000 1.000790
483 11.604000 0.998900
484 11.628000 1.002479
485 11.652000 0.999809
486 11.676000 1.001890
487 11.700000 1.000691
488 11.724000 1.001012
489 11.748000 0.999340
490 11.772000 0.999684
491 11.796000 1.001561
492 11.820000 1.000798
493 11.844000 0.999747
494 11.868000 1.000556
495 11.892000 1.002226
496 11.916000 1.003372
497 11.940000 1.001310
498 11.964000 1.004342
499 11.988000 1.003838
