0 0.012000 0.000000
1 0.036000 0.000000
2 0.060000 0.000000
3 0.084000 0.000000
4 0.108000 0.000000
5 0.132000 0.000000
6 0.156000 0.000000
7 0.180000 0.000000
8 0.204000 0.000000
9 0.228000 0.000000
10 0.252000 0.000000
11 0.276000 0.000000
12 0.300000 0.000000
13 0.324000 0.000000
14 0.348000 0.000000
15 0.372000 0.000000
16 0.396000 0.000000
17 0.420000 0.000000
18 0.444000 0.000000
19 0.468000 0.000000
20 0.492000 0.000000
21 0.516000 0.000000
22 0.540000 0.000000
23 0.564000 0.000000
24 0.588000 0.000000
25 0.612000 0.000000
26 0.636000 0.000000
27 0.660000 0.000000
28 0.684000 0.000000
29 0.708000 0.000000
30 0.732000 0.000000
31 0.756000 0.000000
32 0.780000 0.000000
33 0.804000 0.000000
34 0.828000 0.000000
35 0.852000 0.000000
36 0.876000 0.000000
37 0.900000 0.000000
38 0.924000 0.000000
39 0.948000 0.000000
40 0.972000 0.000000
41 0.996000 0.000000
42 1.020000 0.000000
43 1.044000 0.000000
44 1.068000 0.000000
45 1.092000 0.000000
46 1.116000 0.000000
47 1.140000 0.000000
48 1.164000 0.000000
49 1.188000 0.000000
50 1.212000 0.000000
51 1.236000 0.000000
52 1.260000 0.000000
53 1.284000 0.000000
54 1.308000 0.000000
55 1.332000 0.000000
56 1.356000 0.000000
57 1.380000 0.000000
58 1.404000 0.000000
59 1.428000 0.000036
60 1.452000 0.000735
61 1.476000 0.002688
62 1.500000 0.007969
63 1.524000 0.028296
64 1.548000 0.063526
65 1.572000 0.126442
66 1.596000 0.224836
67 1.620000 0.366383
68 1.644000 0.509907
69 1.668000 0.670318
70 1.692000 0.845668
71 1.716000 1.008394
72 1.740000 1.136969
73 1.764000 1.213252
74 1.788000 1.264067
75 1.812000 1.294663
76 1.836000 1.284998
77 1.860000 1.216170
78 1.884000 1.190788
79 1.908000 1.115057
80 1.932000 1.033868
81 1.956000 0.938633
82 1.980000 0.878656
83 2.004000 0.785042
84 2.028000 0.728676
85 2.052000 0.660045
86 2.076000 0.609573
87 2.100000 0.553870
88 2.124000 0.503267
89 2.148000 0.462668
90 2.172000 0.419006
91 2.196000 0.389676
92 2.220000 0.367077
93 2.244000 0.341862
94 2.268000 0.319668
95 2.292000 0.307762
96 2.316000 0.287112
97 2.340000 0.274036
98 2.364000 0.267305
99 2.388000 0.259163
100 2.412000 0.256539
101 2.436000 0.257833
102 2.460000 0.261220
103 2.484000 0.257322
104 2.508000 0.263531
105 2.532000 0.276676
106 2.556000 0.291086
107 2.580000 0.303072
108 2.604000 0.320999
109 2.628000 0.340410
110 2.652000 0.371909
111 2.676000 0.400265
112 2.700000 0.441590
113 2.724000 0.483834
114 2.748000 0.518214
115 2.772000 0.572642
116 2.796000 0.633722
117 2.820000 0.687041
118 2.844000 0.759025
119 2.868000 0.825059
120 2.892000 0.901353
121 2.916000 0.976838
122 2.940000 1.049342
123 2.964000 1.133245
124 2.988000 1.203828
125 3.012000 1.271842
126 3.036000 1.346290
127 3.060000 1.397029
128 3.084000 1.439648
129 3.108000 1.488734
130 3.132000 1.500358
131 3.156000 1.532136
132 3.180000 1.540527
133 3.204000 1.545912
134 3.228000 1.533297
135 3.252000 1.521451
136 3.276000 1.512119
137 3.300000 1.489620
138 3.324000 1.453868
139 3.348000 1.432203
140 3.372000 1.399920
141 3.396000 1.370230
142 3.420000 1.340195
143 3.444000 1.301517
144 3.468000 1.274926
145 3.492000 1.246659
146 3.516000 1.210478
147 3.540000 1.193963
148 3.564000 1.162529
149 3.588000 1.138583
150 3.612000 1.122171
151 3.636000 1.097592
152 3.660000 1.088619
153 3.684000 1.066875
154 3.708000 1.054739
155 3.732000 1.047476
156 3.756000 1.034448
157 3.780000 1.021628
158 3.804000 1.017903
159 3.828000 1.015650
160 3.852000 1.012698
161 3.876000 1.008044
162 3.900000 1.009085
163 3.924000 1.007173
164 3.948000 0.997434
165 3.972000 0.994177
166 3.996000 0.998699
167 4.020000 0.993069
168 4.044000 0.996690
169 4.068000 0.998669
170 4.092000 0.993465
171 4.116000 0.989032
172 4.140000 0.987996
173 4.164000 0.987031
174 4.188000 0.981142
175 4.212000 0.977706
176 4.236000 0.979201
177 4.260000 0.970750
178 4.284000 0.974149
179 4.308000 0.971036
180 4.332000 0.968353
181 4.356000 0.977923
182 4.380000 0.967534
183 4.404000 0.971923
184 4.428000 0.970633
185 4.452000 0.971951
186 4.476000 0.966178
187 4.500000 0.969242
188 4.524000 0.969095
189 4.548000 0.966469
190 4.572000 0.966986
191 4.596000 0.976729
192 4.620000 0.969638
193 4.644000 0.968797
194 4.668000 0.970045
195 4.692000 0.975745
196 4.716000 0.974192
197 4.740000 0.976906
198 4.764000 0.978036
199 4.788000 0.972721
200 4.812000 0.975353
201 4.836000 0.980602
202 4.860000 0.980068
203 4.884000 0.983558
204 4.908000 0.978607
205 4.932000 0.980922
206 4.956000 0.981655
207 4.980000 0.983488
208 5.004000 0.985308
209 5.028000 0.988686
210 5.052000 0.988470
211 5.076000 0.984265
212 5.100000 0.991899
213 5.124000 0.994494
214 5.148000 0.991910
215 5.172000 0.998788
216 5.196000 0.994980
217 5.220000 0.994618
218 5.244000 0.999761
219 5.268000 0.999746
220 5.292000 1.002519
221 5.316000 1.003664
222 5.340000 1.005252
223 5.364000 1.010742
224 5.388000 1.005262
225 5.412000 1.003624
226 5.436000 1.006271
227 5.460000 1.004232
228 5.484000 1.005075
229 5.508000 1.007784
230 5.532000 1.004037
231 5.556000 1.002484
232 5.580000 1.003483
233 5.604000 1.005167
234 5.628000 1.001045
235 5.652000 1.000853
236 5.676000 1.002587
237 5.700000 0.994903
238 5.724000 0.997349
239 5.748000 0.997717
240 5.772000 0.993243
241 5.796000 0.993539
242 5.820000 0.992817
243 5.844000 0.993460
244 5.868000 0.990986
245 5.892000 0.988881
246 5.916000 0.992553
247 5.940000 0.990990
248 5.964000 0.986887
249 5.988000 0.984356
250 6.012000 0.989596
251 6.036000 0.988805
252 6.060000 0.991450
253 6.084000 0.989288
254 6.108000 0.990728
255 6.132000 0.985005
256 6.156000 0.987030
257 6.180000 0.989125
258 6.204000 0.991037
259 6.228000 0.985215
260 6.252000 0.987077
261 6.276000 0.986139
262 6.300000 0.988685
263 6.324000 0.986030
264 6.348000 0.987720
265 6.372000 0.983195
266 6.396000 0.986337
267 6.420000 0.988055
268 6.444000 0.994102
269 6.468000 0.995909
270 6.492000 0.992144
271 6.516000 0.993132
272 6.540000 0.991376
273 6.564000 0.990921
274 6.588000 0.992935
275 6.612000 0.995695
276 6.636000 0.992998
277 6.660000 0.996419
278 6.684000 0.998649
279 6.708000 0.996817
280 6.732000 0.999414
281 6.756000 0.996060
282 6.780000 0.996882
283 6.804000 1.002442
284 6.828000 1.001576
285 6.852000 1.005392
286 6.876000 1.004422
287 6.900000 1.007446
288 6.924000 1.011886
289 6.948000 1.009513
290 6.972000 1.008658
291 6.996000 1.014190
292 7.020000 1.010499
293 7.044000 1.015720
294 7.068000 1.012432
295 7.092000 1.014585
296 7.116000 1.012150
297 7.140000 1.014627
298 7.164000 1.009933
299 7.188000 1.016665
300 7.212000 1.012436
301 7.236000 1.014058
302 7.260000 1.011470
303 7.284000 1.007272
304 7.308000 1.007692
305 7.332000 1.008490
306 7.356000 1.010429
307 7.380000 1.011406
308 7.404000 1.009591
309 7.428000 1.012239
310 7.452000 1.014850
311 7.476000 1.015692
312 7.500000 1.009560
313 7.524000 1.012753
314 7.548000 1.012307
315 7.572000 1.010171
316 7.596000 1.010106
317 7.620000 1.010163
318 7.644000 1.009433
319 7.668000 1.011878
320 7.692000 1.006488
321 7.716000 1.009521
322 7.740000 1.011610
323 7.764000 1.006256
324 7.788000 1.004381
325 7.812000 1.005798
326 7.836000 1.005321
327 7.860000 1.003195
328 7.884000 1.004096
329 7.908000 0.999865
330 7.932000 0.998730
331 7.956000 1.001201
332 7.980000 0.998295
333 8.004000 1.000790
334 8.028000 0.999327
335 8.052000 0.998171
336 8.076000 0.998737
337 8.100000 0.997899
338 8.124000 0.995446
339 8.148000 0.997611
340 8.172000 0.995532
341 8.196000 0.991181
342 8.220000 0.995468
343 8.244000 0.992779
344 8.268000 0.992488
345 8.292000 0.990805
346 8.316000 0.992435
347 8.340000 0.991820
348 8.364000 0.990621
349 8.388000 0.989863
350 8.412000 0.993249
351 8.436000 0.988873
352 8.460000 0.991427
353 8.484000 0.992175
354 8.508000 0.992425
355 8.532000 0.991029
356 8.556000 0.992505
357 8.580000 0.994249
358 8.604000 0.991404
359 8.628000 0.995984
360 8.652000 0.993124
361 8.676000 0.993611
362 8.700000 0.996182
363 8.724000 0.995604
364 8.748000 0.997649
365 8.772000 0.997042
366 8.796000 0.995692
367 8.820000 0.996037
368 8.844000 0.996153
369 8.868000 0.999435
370 8.892000 1.000067
371 8.916000 0.996887
372 8.940000 0.996450
373 8.964000 0.999406
374 8.988000 0.997530
375 9.012000 1.000129
376 9.036000 1.001663
377 9.060000 1.001900
378 9.084000 1.001193
379 9.108000 0.997651
380 9.132000 0.995351
381 9.156000 0.997154
382 9.180000 0.998956
383 9.204000 0.999326
384 9.228000 0.997557
385 9.252000 0.999620
386 9.276000 0.999868
387 9.300000 0.997604
388 9.324000 0.998250
389 9.348000 0.998224
390 9.372000 1.000297
391 9.396000 0.999327
392 9.420000 1.001845
393 9.444000 1.002958
394 9.468000 1.002411
395 9.492000 1.001758
396 9.516000 1.002812
397 9.540000 1.005243
398 9.564000 1.005454
399 9.588000 1.004504
400 9.612000 1.002859
401 9.636000 1.002031
402 9.660000 1.005551
403 9.684000 1.003108
404 9.708000 1.002451
405 9.732000 1.005627
406 9.756000 0.999862
407 9.780000 1.004497
408 9.804000 1.002384
409 9.828000 1.001926
410 9.852000 1.001978
411 9.876000 1.003450
412 9.900000 1.004392
413 9.924000 1.002916
414 9.948000 1.004831
415 9.972000 1.001834
416 9.996000 1.002954
417 10.020000 1.003964
418 10.044000 1.007411
419 10.068000 1.003572
420 10.092000 1.003770
421 10.116000 1.000874
422 10.140000 1.003520
423 10.164000 1.004707
424 10.188000 1.002840
425 10.212000 1.004167
426 10.236000 1.001408
427 10.260000 1.002024
428 10.284000 0.999749
429 10.308000 1.000984
430 10.332000 0.999489
431 10.356000 1.000431
432 10.380000 1.000040
433 10.404000 0.998899
434 10.428000 0.999383
435 10.452000 0.998348
436 10.476000 0.999691
437 10.500000 0.997584
438 10.524000 0.997820
439 10.548000 0.996349
440 10.572000 0.995803
441 10.596000 0.995043
442 10.620000 0.995169
443 10.644000 0.993575
444 10.668000 0.994607
445 10.692000 0.994221
446 10.716000 0.994336
447 10.740000 0.997105
448 10.764000 0.996342
449 10.788000 0.996939
450 10.812000 0.994249
451 10.836000 0.996601
452 10.860000 0.994699
453 10.884000 0.995548
454 10.908000 0.994751
455 10.932000 0.995760
456 10.956000 0.994965
457 10.980000 0.995749
458 11.004000 0.997626
459 11.028000 0.998350
460 11.052000 0.998613
461 11.076000 0.999706
462 11.100000 1.000720
463 11.124000 0.999900
464 11.148000 1.002010
465 11.172000 1.004422
466 11.196000 1.004158
467 11.220000 1.005151
468 11.244000 1.005267
469 11.268000 1.004086
470 11.292000 1.007041
471 11.316000 1.007965
472 11.340000 1.005157
473 11.364000 1.004632
474 11.388000 1.006459
475 11.412000 1.006233
476 11.436000 1.004965
477 11.460000 1.006255
478 11.484000 1.004643
479 11.508000 1.003850
480 11.532000 1.002788
481 11.556000 1.003229
482 11.580000 1.006584
483 11.604000 1.004269
484 11.628000 1.005744
485 11.652000 1.004193
486 11.676000 1.003984
487 11.700000 1.001852
488 11.724000 1.000548
489 11.748000 1.001799
490 11.772000 1.001492
491 11.796000 0.999206
492 11.820000 1.000314
493 11.844000 0.999484
494 11.868000 0.997629
495 11.892000 0.999344
496 11.916000 1.000555
497 11.940000 0.999421
498 11.964000 0.998789
499 11.988000 0.999896
