10.000000  0.000000 0.000000  0.000000 0.000000  0.000000 0.000000  0.000000 0.000000 0.000000 0.000000
14.612500  0.000000 0.000000  0.000000 0.000000  0.000000 0.000000  0.000000 0.000000 0.000000 0.000000
19.225000  0.000000 0.000000  0.000000 0.000000  0.000000 0.000000  0.000000 0.000000 0.000000 0.000000
23.837500  0.000000 0.000000  0.000000 0.000000  0.000000 0.000000  0.000000 0.000000 0.000000 0.000000
28.450000  0.000000 0.000000  0.000000 0.000000  0.000000 0.000000  0.000000 0.000000 0.000000 0.000000
33.062500  0.000000 0.000000  0.000000 0.000000  0.000000 0.000000  0.000000 0.000000 0.000000 0.000000
37.675000  0.000000 0.000000  0.000000 0.000000  0.000000 0.000000  0.000000 0.000000 0.000000 0.000000
42.287500  0.000000 0.000000  0.000000 0.000000  0.000000 0.000000  0.000000 0.000000 0.000000 0.000000
46.900000  0.000000 0.000180  0.000000 0.000000  0.000000 0.000000  0.000000 0.000000 0.000000 0.000000
51.512500  3.271277 0.156113  0.000000 0.000000  0.000000 0.000000  0.000000 0.000000 0.000000 0.000000
56.125000  0.000000 0.000000  0.000000 0.000000  0.000000 0.000000  0.000000 0.000000 0.000000 0.000000
60.737500  0.000000 0.000000  0.000000 0.000000  0.000000 0.000000  0.000000 0.000000 0.000000 0.000000
65.350000  0.000000 0.000013  0.000000 0.000000  0.000000 0.000000  0.000000 0.000000 0.000000 0.000000
69.962500  0.000000 0.342809  0.000000 0.000000  0.000000 0.000000  0.000000 0.000000 0.000000 0.000000
74.575000  6.542553 0.154009  0.000000 0.000000  0.000000 0.000000  0.000000 0.000000 0.000000 0.000000
79.187500  3.271277 0.036145  0.000000 0.000000  0.000000 0.000000  0.000000 0.000000 0.000000 0.000000
83.800000  0.000000 0.000000  0.000000 0.000000  0.000000 0.000000  0.000000 0.000000 0.000000 0.000000
88.412500  0.000000 0.000005  0.000000 0.000000  0.000000 0.000000  0.000000 0.000000 0.000000 0.000000
93.025000  0.000000 0.233478  0.000000 0.000000  0.000000 0.000000  0.000000 0.000000 0.000000 0.000000
97.637500  3.271277 0.330364  0.000000 0.000000  0.000000 0.000000  0.000000 0.000000 0.000000 0.000000
102.250000  3.271277 0.061577  0.000000 0.000001  0.000000 0.000000  0.000000 0.000002 0.000000 0.000001
106.862500  3.271277 0.677344  0.000000 0.025733  0.000000 0.000000  0.000000 0.052756 0.000000 0.025968
111.475000  6.542553 0.048852  0.522811 0.005085  0.000000 0.000000  1.096813 0.010424 0.539875 0.005131
116.087500  0.000000 0.259348  0.000000 0.000000  0.000000 0.002245  0.000000 0.000000 0.000000 0.000765
120.700000  3.271277 0.795743  0.000000 0.000000  0.036432 0.028095  0.000000 0.000000 0.012144 0.009578
125.312500  6.542553 0.037279  0.000000 0.000000  0.379393 0.002808  0.000000 0.000000 0.126464 0.000957
129.925000  0.000000 0.175807  0.000000 0.000000  0.000000 0.000000  0.000000 0.000000 0.000000 0.000000
134.537500  3.271277 0.404995  0.000000 0.000000  0.000000 0.000000  0.000000 0.000000 0.000000 0.000000
139.150000  3.271277 0.000000  0.000000 0.000000  0.000000 0.000000  0.000000 0.000000 0.000000 0.000000
143.762500  3.271277 0.104483  0.000000 0.000000  0.000000 0.000000  0.000000 0.000000 0.000000 0.000000
148.375000  3.271277 0.967731  0.000000 0.000000  0.000000 0.000000  0.000000 0.000000 0.000000 0.000000
152.987500  0.000000 0.009872  0.000000 0.000000  0.000000 0.000000  0.000000 0.000000 0.000000 0.000000
157.600000  0.000000 0.000000  0.000000 0.000000  0.000000 0.000000  0.000000 0.000000 0.000000 0.000000
162.212500  0.000000 0.000004  0.000000 0.000000  0.000000 0.000000  0.000000 0.000000 0.000000 0.000000
166.825000  3.271277 0.070713  0.000000 0.000000  0.000000 0.000000  0.000000 0.000000 0.000000 0.000000
171.437500  0.000000 0.459466  0.000000 0.000000  0.000000 0.000063  0.000000 0.000000 0.000000 0.000021
176.050000  3.271277 0.372337  0.000000 0.000000  0.577668 0.050867  0.000000 0.000000 0.192556 0.017342
180.662500  6.542553 0.780227  0.000000 0.000000  0.000000 0.019353  0.000000 0.000000 0.000000 0.006598
185.275000  3.271277 0.895410  0.000000 0.000000  0.000000 0.000003  0.000000 0.000000 0.000000 0.000001
189.887500  0.000000 0.108658  0.000000 0.002624  0.000000 0.000000  0.000000 0.000200 0.000000 0.000922
194.500000  3.271277 0.468499  7.392290 0.861277  0.000000 0.000000  0.577482 0.065749 2.656591 0.302467
199.112500  0.000000 0.148071  0.000000 0.272219  0.000000 0.000000  0.000000 0.020781 0.000000 0.095599
203.725000  0.000000 0.004788  0.000000 0.000083  0.000000 0.000000  0.000000 0.000006 0.000000 0.000029
208.337500  9.813830 0.719178  0.000000 0.000000  0.000000 0.000000  0.000000 0.000000 0.000000 0.000000
212.950000  3.271277 1.717783  0.000000 0.000000  0.000000 0.000000  0.000000 0.000000 0.000000 0.000000
217.562500  0.000000 0.582167  0.000000 0.000002  0.000000 0.000000  0.000000 0.000002 0.000000 0.000001
222.175000  0.000000 0.030876  0.000000 0.024663  0.000000 0.001718  0.000000 0.029590 0.000000 0.018483
226.787500  6.542553 1.345466  4.193030 0.808169  1.828334 0.247728  5.148072 0.969631 3.723145 0.670920
231.400000  6.542553 0.580857  0.000000 0.066046  0.000000 0.091844  0.000000 0.079241 0.000000 0.079240
236.012500  3.271277 1.672139  0.000000 0.000637  0.000000 0.000088  0.000000 0.001485 0.000000 0.000732
240.625000  3.271277 0.944766  2.069628 0.198403  0.000000 0.000000  4.985715 0.467059 2.351781 0.220314
245.237500  0.000000 0.455744  0.000000 0.232844  0.000000 0.000000  0.000000 0.548136 0.000000 0.258559
249.850000  0.000000 0.060295  0.000000 0.001009  0.000000 0.000000  0.000000 0.002374 0.000000 0.001120
254.462500  3.271277 0.919993  0.000000 0.000000  0.000000 0.000000  0.000000 0.000000 0.000000 0.000000
259.075000  6.542553 1.025721  0.000000 0.000000  0.000000 0.006278  0.000000 0.000000 0.000000 0.002140
263.687500  6.542553 2.054677  0.000000 0.000000  23.448296 1.920161  0.000000 0.000000 7.816099 0.654636
268.300000  0.000000 0.998779  0.000000 0.000000  0.000000 3.551097  0.000000 0.000000 0.000000 1.210667
272.912500  3.271277 0.747673  0.000000 0.000014  0.000000 0.039709  0.000000 0.000383 0.000000 0.013670
277.525000  6.542553 1.368760  0.523501 0.014682  0.000000 0.000003  14.976207 0.410457 5.166570 0.141603
282.137500  0.000000 1.150879  0.000000 0.125642  0.000000 0.000000  0.000000 3.512430 0.000000 1.211741
286.750000  6.542553 1.234403  0.000000 0.008583  0.000000 0.000000  0.000000 0.239946 0.000000 0.082778
291.362500  3.271277 1.313846  0.000000 0.000005  0.000000 0.000001  0.000000 0.000131 0.000000 0.000045
295.975000  0.000000 0.968263  0.000000 0.000000  0.000000 0.009683  0.000000 0.000000 0.000000 0.003301
300.587500  6.542553 1.091639  0.000000 0.000003  16.533528 1.627335  0.000000 0.000000 5.511176 0.554805
305.200000  0.000000 1.338090  0.000000 0.032118  0.000000 3.082396  0.000000 0.005875 0.000000 1.063295
309.812500  9.813830 0.946870  52.652741 5.274249  0.000000 0.065800  9.856414 0.964820 20.836385 2.062062
314.425000  0.000000 2.807350  0.000000 11.166789  0.000000 0.000016  0.000000 2.044790 0.000000 4.319048
319.037500  3.271277 0.309216  49.853293 2.181235  0.000000 0.000000  36.811221 1.409873 28.888171 1.180470
323.650000  0.000000 1.111340  0.000000 13.776885  0.000000 0.000000  0.000000 9.940823 0.000000 7.801270
328.262500  0.000000 0.124853  0.000000 1.503538  0.000000 0.000000  0.000000 1.084896 0.000000 0.851392
332.875000  3.271277 0.449083  0.000000 0.002439  0.000000 0.000000  0.000000 0.001760 0.000000 0.001381
337.487500  3.271277 1.509629  0.000000 0.000000  0.000000 0.000000  0.000000 0.000000 0.000000 0.000000
342.100000  0.000000 0.951748  0.000000 0.000000  0.000000 0.000000  0.000000 0.000000 0.000000 0.000000
346.712500  6.542553 1.295016  0.000000 0.000008  0.000000 0.004471  0.000000 0.000740 0.000000 0.001773
351.325000  3.271277 1.917414  0.000000 0.003143  31.618958 1.372489  0.000000 0.299377 10.539653 0.568736
355.937500  6.542553 3.092887  0.092314 0.027835  0.000000 9.187757  8.996895 2.651014 3.029736 4.025103
360.550000  3.271277 2.477660  0.000000 0.005395  0.000000 1.341179  0.000000 0.513768 0.000000 0.630259
365.162500  3.271277 1.494290  0.000000 0.000023  0.000000 0.004269  0.000000 0.002179 0.000000 0.002189
369.775000  3.271277 1.114698  0.000000 0.000000  0.000000 0.000000  0.000000 0.000000 0.000000 0.000000
374.387500  0.000000 1.234279  0.000000 0.000000  0.000000 0.000000  0.000000 0.000000 0.000000 0.000000
379.000000  3.271277 0.863519  0.000000 0.000000  0.000000 0.000000  0.000000 0.000000 0.000000 0.000000
383.612500  0.000000 0.910588  0.000000 0.000000  0.000000 0.000000  0.000000 0.000000 0.000000 0.000000
388.225000  0.000000 0.030549  0.000000 0.000000  0.000000 0.000000  0.000000 0.000000 0.000000 0.000000
392.837500  0.000000 0.042615  0.000000 0.000000  0.000000 0.000000  0.000000 0.000000 0.000000 0.000000
397.450000  3.271277 1.004740  0.000000 0.000000  0.000000 0.000000  0.000000 0.000000 0.000000 0.000000
402.062500  0.000000 0.814211  0.000000 0.000001  0.000000 0.000000  0.000000 0.000017 0.000000 0.000006
406.675000  3.271277 0.948233  0.000000 0.003573  0.000000 0.000002  0.000000 0.057515 0.000000 0.020336
411.287500  6.542553 2.136337  6.015712 0.448914  0.000000 0.004978  99.092271 7.226091 35.035994 2.556632
415.900000  3.271277 2.834944  0.000000 2.133427  6.638018 0.536464  0.000000 34.341408 2.212673 12.325014
420.512500  3.271277 2.602134  0.000000 0.383515  0.000000 2.264122  0.000000 6.173367 0.000000 2.954624
425.125000  0.000000 1.547318  0.000000 0.002608  0.000000 0.374271  0.000000 0.041977 0.000000 0.142441
429.737500  3.271277 1.577478  0.000000 0.000001  0.000000 0.046802  0.000000 0.000011 0.000000 0.015960
434.350000  3.271277 1.773902  0.000000 0.000000  0.000000 5.204598  0.000000 0.000000 0.000000 1.774392
438.962500  3.271277 2.440358  0.000000 0.000000  76.881607 27.477939  0.000000 0.000000 25.627202 9.367992
443.575000  3.271277 1.008056  0.000000 0.000013  0.000000 6.530835  0.000000 0.000002 0.000000 2.226548
448.187500  3.271277 2.708952  0.000000 0.030304  0.000000 0.069878  0.000000 0.005382 0.000000 0.035489
452.800000  3.271277 1.740155  0.000000 3.600594  0.000000 0.000034  0.000000 0.639516 0.000000 1.386033
457.412500  3.271277 3.140090  56.909479 21.869563  0.000000 0.000000  10.343669 3.884343 22.417716 8.418525
462.025000  0.000000 0.784329  0.000000 6.790506  0.000000 0.000000  0.000000 1.206090 0.000000 2.613955
466.637500  0.000000 0.287803  0.000000 0.107785  0.000000 0.000000  0.000000 0.019144 0.000000 0.041491
471.250000  6.542553 2.607550  0.000000 0.000087  0.000000 0.000015  0.000000 0.000016 0.000000 0.000039
475.862500  0.000000 1.816684  0.000000 0.000000  0.000000 0.023989  0.000000 0.000000 0.000000 0.008179
480.475000  0.000000 0.375592  0.000000 0.000000  0.000000 2.277950  0.000000 0.000000 0.000000 0.776616
485.087500  3.271277 1.631776  0.000000 0.000000  33.815772 13.106087  0.000000 0.000000 11.271924 4.468229
489.700000  0.000000 0.654255  0.000000 0.000000  0.000000 4.568796  0.000000 0.000000 0.000000 1.557629
494.312500  3.271277 1.259627  0.000000 0.000000  0.000000 0.096501  0.000000 0.000000 0.000000 0.032900
498.925000  0.000000 1.171386  0.000000 0.000000  0.000000 0.000123  0.000000 0.000000 0.000000 0.000042
503.537500  0.000000 0.193032  0.000000 0.000000  0.000000 0.000000  0.000000 0.000000 0.000000 0.000000
508.150000  3.271277 1.401186  0.000000 0.000000  0.000000 0.000000  0.000000 0.000000 0.000000 0.000000
512.762500  0.000000 1.468909  0.000000 0.000000  0.000000 0.000000  0.000000 0.000000 0.000000 0.000000
517.375000  3.271277 1.815715  0.000000 0.000000  0.000000 0.000000  0.000000 0.000000 0.000000 0.000000
521.987500  0.000000 0.608078  0.000000 0.000000  0.000000 0.000000  0.000000 0.000000 0.000000 0.000000
526.600000  0.000000 0.031299  0.000000 0.000000  0.000000 0.000000  0.000000 0.000000 0.000000 0.000000
531.212500  3.271277 0.611824  0.000000 0.000000  0.000000 0.000005  0.000000 0.000000 0.000000 0.000002
535.825000  0.000000 1.827130  0.000000 0.000000  0.000000 0.008273  0.000000 0.000000 0.000000 0.002821
540.437500  0.000000 0.555250  0.000000 0.000000  0.000000 1.146823  0.000000 0.000000 0.000000 0.390984
545.050000  3.271277 1.717294  0.000000 0.000000  39.522131 13.206535  0.000000 0.000000 13.174044 4.502474
549.662500  3.271277 3.128478  0.000000 0.000000  0.000000 12.634644  0.000000 0.000000 0.000000 4.307501
554.275000  0.000000 0.991835  0.000000 0.000000  0.000000 1.004197  0.000000 0.000000 0.000000 0.342359
558.887500  0.000000 0.037753  0.000000 0.000000  0.000000 0.006631  0.000000 0.000000 0.000000 0.002261
563.500000  0.000000 0.000131  0.000000 0.000000  0.000000 0.000004  0.000000 0.000000 0.000000 0.000001
568.112500  0.000000 0.000000  0.000000 0.000001  0.000000 0.000000  0.000000 0.000000 0.000000 0.000000
572.725000  0.000000 0.000187  0.000000 0.002635  0.000000 0.000000  0.000000 0.000023 0.000000 0.000866
577.337500  0.000000 0.041730  0.000000 0.587322  0.000000 0.000000  0.000000 0.005174 0.000000 0.193037
581.950000  3.271277 0.909774  56.592704 12.804539  0.000000 0.000000  0.510194 0.112804 19.034299 4.208522
586.562500  0.000000 1.940414  0.000000 27.310209  0.000000 0.000000  0.000000 0.240595 0.000000 8.976161
591.175000  0.000000 0.405248  0.000000 5.698483  0.000000 0.000000  0.000000 0.050202 0.000000 1.872944
595.787500  0.000000 0.079455  0.000000 0.116323  0.000000 0.000000  0.000000 0.001025 0.000000 0.038232
600.400000  3.271277 1.568625  0.000000 0.000232  0.000000 0.000000  0.000000 0.000002 0.000000 0.000076
605.012500  3.271277 1.221758  0.000000 0.000000  0.000000 0.000000  0.000000 0.000000 0.000000 0.000000
609.625000  0.000000 0.043294  0.000000 0.000000  0.000000 0.000000  0.000000 0.000000 0.000000 0.000000
614.237500  0.000000 0.011081  0.000000 0.000000  0.000000 0.000000  0.000000 0.000000 0.000000 0.000000
618.850000  0.000000 0.442134  0.000000 0.000000  0.000000 0.000000  0.000000 0.000000 0.000000 0.000000
623.462500  0.000000 2.057578  0.000000 0.000000  0.000000 0.000000  0.000000 0.000000 0.000000 0.000000
628.075000  3.271277 1.099259  0.000000 0.000000  0.000000 0.000000  0.000000 0.000000 0.000000 0.000000
632.687500  0.000000 0.067419  0.000000 0.000000  0.000000 0.000000  0.000000 0.000000 0.000000 0.000000
637.300000  0.000000 0.000479  0.000000 0.000000  0.000000 0.000000  0.000000 0.000000 0.000000 0.000000
641.912500  0.000000 0.002789  0.000000 0.000000  0.000000 0.000000  0.000000 0.000000 0.000000 0.000000
646.525000  0.000000 0.223595  0.000000 0.000000  0.000000 0.000000  0.000000 0.000000 0.000000 0.000000
651.137500  0.000000 2.508825  0.000000 0.000000  0.000000 0.000000  0.000000 0.000000 0.000000 0.000000
655.750000  6.542553 4.119574  0.000000 0.000000  0.000000 0.000000  0.000000 0.000000 0.000000 0.000000
660.362500  0.000000 1.145993  0.000000 0.000041  0.000000 0.000000  0.000000 0.000161 0.000000 0.000067
664.975000  0.000000 1.529168  0.000000 0.017251  0.000000 0.000000  0.000000 0.067582 0.000000 0.028147
669.587500  3.271277 2.282806  0.000000 0.978412  0.000000 0.000029  0.000000 3.832979 0.000000 1.596380
674.200000  0.000000 2.240741  0.000000 7.518959  0.000000 0.007247  0.000000 29.455909 0.000000 12.270353
678.812500  3.271277 3.416302  16.951123 7.829316  0.000000 0.251009  67.955669 30.671749 28.302264 12.859835
683.425000  3.271277 4.757944  0.000000 1.104638  0.000000 1.206287  0.000000 4.327477 0.000000 2.213577
688.037500  3.271277 2.131657  0.000000 0.021118  2.338327 0.804357  0.000000 0.082730 0.779442 0.308683
692.650000  0.000000 0.161314  0.000000 0.000055  0.000000 0.074419  0.000000 0.000214 0.000000 0.025461
697.262500  0.000000 0.001872  0.000000 0.000000  0.000000 0.000955  0.000000 0.000000 0.000000 0.000326
701.875000  0.000000 0.000003  0.000000 0.000000  0.000000 0.000002  0.000000 0.000000 0.000000 0.000001
706.487500  0.000000 0.000000  0.000000 0.000000  0.000000 0.000000  0.000000 0.000000 0.000000 0.000000
711.100000  0.000000 0.000000  0.000000 0.000000  0.000000 0.000000  0.000000 0.000000 0.000000 0.000000
715.712500  0.000000 0.000000  0.000000 0.000000  0.000000 0.000000  0.000000 0.000000 0.000000 0.000000
720.325000  0.000000 0.000000  0.000000 0.000000  0.000000 0.000000  0.000000 0.000000 0.000000 0.000000
724.937500  0.000000 0.000000  0.000000 0.000000  0.000000 0.000000  0.000000 0.000000 0.000000 0.000000
729.550000  0.000000 0.000000  0.000000 0.000000  0.000000 0.000000  0.000000 0.000000 0.000000 0.000000
734.162500  0.000000 0.000000  0.000000 0.000000  0.000000 0.000000  0.000000 0.000000 0.000000 0.000000
738.775000  0.000000 0.000000  0.000000 0.000000  0.000000 0.000000  0.000000 0.000000 0.000000 0.000000
743.387500  0.000000 0.000000  0.000000 0.000000  0.000000 0.000000  0.000000 0.000000 0.000000 0.000000
748.000000  0.000000 0.000000  0.000000 0.000000  0.000000 0.000000  0.000000 0.000000 0.000000 0.000000
752.612500  0.000000 0.000000  0.000000 0.000000  0.000000 0.000000  0.000000 0.000000 0.000000 0.000000
757.225000  0.000000 0.000000  0.000000 0.000000  0.000000 0.000000  0.000000 0.000000 0.000000 0.000000
761.837500  0.000000 0.000000  0.000000 0.000000  0.000000 0.000000  0.000000 0.000000 0.000000 0.000000
766.450000  0.000000 0.000000  0.000000 0.000000  0.000000 0.000000  0.000000 0.000000 0.000000 0.000000
771.062500  0.000000 0.000000  0.000000 0.000000  0.000000 0.000000  0.000000 0.000000 0.000000 0.000000
775.675000  0.000000 0.000000  0.000000 0.000000  0.000000 0.000000  0.000000 0.000000 0.000000 0.000000
780.287500  0.000000 0.000000  0.000000 0.000000  0.000000 0.000000  0.000000 0.000000 0.000000 0.000000
784.900000  0.000000 0.000000  0.000000 0.000000  0.000000 0.000000  0.000000 0.000000 0.000000 0.000000
789.512500  0.000000 0.000000  0.000000 0.000000  0.000000 0.000000  0.000000 0.000000 0.000000 0.000000
794.125000  0.000000 0.000034  0.000000 0.000000  0.000000 0.000000  0.000000 0.000000 0.000000 0.000000
798.737500  0.000000 0.006905  0.000000 0.000004  0.000000 0.000000  0.000000 0.000001 0.000000 0.000002
803.350000  0.000000 0.269024  0.000000 0.002153  0.000000 0.000000  0.000000 0.000705 0.000000 0.000936
807.962500  0.000000 2.241152  0.000000 0.203087  0.000000 0.000000  0.000000 0.066523 0.000000 0.088327
812.575000  3.271277 6.883717  0.000000 3.662382  0.000000 0.000000  0.000000 1.199651 0.000000 1.592861
817.187500  6.542553 12.988367  0.000000 12.626413  0.000000 0.000000  0.000000 4.135913 0.000000 5.491541
821.800000  9.813830 10.534441  18.917726 8.322048  0.000000 0.000000  6.341220 2.725973 8.419649 3.619466
826.412500  3.271277 4.594552  0.000000 1.048611  0.000000 0.000000  0.000000 0.343483 0.000000 0.456067
831.025000  0.000000 1.272701  0.000000 0.025260  0.000000 0.000000  0.000000 0.008274 0.000000 0.010986
835.637500  0.000000 2.161917  0.000000 0.000116  0.000000 0.000000  0.000000 0.000038 0.000000 0.000051
840.250000  3.271277 4.027418  0.000000 0.000000  0.000000 0.000001  0.000000 0.000000 0.000000 0.000000
844.862500  0.000000 5.653153  0.000000 0.000001  0.000000 0.000277  0.000000 0.000000 0.000000 0.000095
849.475000  6.542553 4.714219  0.000000 0.000530  0.000000 0.029891  0.000000 0.000001 0.000000 0.010364
854.087500  0.000000 5.937028  0.000000 0.078839  0.000000 0.668374  0.000000 0.000203 0.000000 0.253616
858.700000  3.271277 14.906707  0.000000 2.455503  0.000000 3.099364  0.000000 0.006335 0.000000 1.858620
863.312500  13.085106 14.208856  0.000000 16.022863  5.245397 2.980535  0.000000 0.041335 1.748466 6.249175
867.925000  6.542553 10.643585  31.610653 21.904804  0.000000 0.594408  0.083450 0.056515 10.564701 7.356707
872.537500  3.271277 11.996598  0.000000 6.275825  0.000000 0.024584  0.000000 0.019183 0.000000 2.059048
877.150000  9.813830 7.391104  0.000000 0.616722  0.000000 0.000354  0.000000 0.376485 0.000000 0.326506
881.762500  0.000000 1.976806  0.000000 6.567590  0.000000 0.023791  0.000000 10.257984 0.000000 5.566764
886.375000  0.000000 6.250447  0.000000 39.096569  0.000000 0.975639  0.000000 61.109266 0.000000 33.437680
890.987500  6.542553 15.348093  72.257163 50.791863  0.000000 9.759388  115.574493 79.389434 62.610552 46.335315
895.600000  9.813830 17.543662  0.000000 14.389970  3.362478 25.572121  0.000000 22.492019 1.120826 20.902969
900.212500  9.813830 14.355849  0.000000 0.889069  28.426862 52.068066  0.000000 1.389646 9.475621 18.504269
904.825000  3.271277 9.741120  0.000000 0.011984  0.000000 133.007811  0.000000 0.018728 0.000000 45.356200
909.437500  6.542553 4.661616  0.000000 0.002462  189.527543 97.820849  0.000000 0.001994 63.175848 33.351308
914.050000  0.000000 0.739967  0.000000 0.274672  0.000000 16.307513  0.000000 0.219472 0.000000 5.722312
918.662500  0.000000 0.460567  0.000000 7.204854  0.000000 0.609936  0.000000 5.756922 0.000000 4.473817
923.275000  0.000000 3.176527  0.000000 43.798360  0.000000 0.005116  0.000000 34.996370 0.000000 25.934020
927.887500  3.271277 6.094090  81.748829 61.703799  0.000000 0.000010  66.843507 49.303422 49.530779 36.533790
932.500000  3.271277 3.120881  0.000000 20.145932  0.000000 0.000000  0.000000 16.097281 0.000000 11.928069
937.112500  0.000000 0.419962  0.000000 1.524348  0.000000 0.000000  0.000000 1.218006 0.000000 0.902541
941.725000  0.000000 0.014313  0.000000 0.026730  0.000000 0.000000  0.000000 0.021358 0.000000 0.015827
946.337500  0.000000 0.000119  0.000000 0.000109  0.000000 0.000000  0.000000 0.000087 0.000000 0.000064
950.950000  0.000000 0.000000  0.000000 0.000000  0.000000 0.000000  0.000000 0.000000 0.000000 0.000000
955.562500  0.000000 0.000000  0.000000 0.000000  0.000000 0.000000  0.000000 0.000000 0.000000 0.000000
960.175000  0.000000 0.000000  0.000000 0.000000  0.000000 0.000000  0.000000 0.000000 0.000000 0.000000
964.787500  0.000000 0.000000  0.000000 0.000000  0.000000 0.000000  0.000000 0.000000 0.000000 0.000000
969.400000  0.000000 0.000000  0.000000 0.000000  0.000000 0.000000  0.000000 0.000000 0.000000 0.000000
974.012500  0.000000 0.000001  0.000000 0.000000  0.000000 0.000000  0.000000 0.000000 0.000000 0.000000
978.625000  0.000000 0.000250  0.000000 0.000000  0.000000 0.000000  0.000000 0.000000 0.000000 0.000000
983.237500  0.000000 0.021821  0.000000 0.000000  0.000000 0.000039  0.000000 0.000000 0.000000 0.000013
987.850000  0.000000 0.513441  0.000000 0.000001  0.000000 0.001830  0.000000 0.000004 0.000000 0.000625
992.462500  0.000000 3.396318  0.000000 0.000242  0.000000 0.021951  0.000000 0.001056 0.000000 0.007914
997.075000  3.271277 7.045174  0.000000 0.017212  0.000000 0.067763  0.000000 0.075286 0.000000 0.053804
1001.687500  3.271277 7.974405  0.000000 0.320329  0.089217 0.053839  0.000000 1.401111 0.029739 0.589737
1006.300000  3.271277 10.161504  0.000000 1.556694  0.000000 0.011009  0.000000 6.808944 0.000000 2.780484
1010.912500  6.542553 7.654558  2.447944 1.975406  0.000000 0.000579  10.956975 8.640384 4.468306 3.523801
1015.525000  0.000000 4.924655  0.000000 0.654569  0.000000 0.000008  0.000000 2.863072 0.000000 1.167582
1020.137500  3.271277 5.671290  0.000000 0.056637  0.000000 0.000000  0.000000 0.247729 0.000000 0.101026
1024.750000  0.000000 11.670744  0.000000 0.001280  0.000000 0.000000  0.000000 0.005597 0.000000 0.002283
1029.362500  13.085106 12.359062  0.000000 0.000008  0.000000 0.000000  0.000000 0.000033 0.000000 0.000013
1033.975000  0.000000 4.027732  0.000000 0.000000  0.000000 0.000000  0.000000 0.000000 0.000000 0.000000
1038.587500  0.000000 0.388656  0.000000 0.000000  0.000000 0.000000  0.000000 0.000000 0.000000 0.000000
1043.200000  0.000000 0.010991  0.000000 0.000000  0.000000 0.000000  0.000000 0.000001 0.000000 0.000000
1047.812500  0.000000 0.000520  0.000000 0.000053  0.000000 0.000000  0.000000 0.000115 0.000000 0.000056
1052.425000  0.000000 0.027671  0.000000 0.003434  0.000000 0.000000  0.000000 0.007395 0.000000 0.003584
1057.037500  0.000000 0.498360  0.000000 0.061854  0.000000 0.000000  0.000000 0.133195 0.000000 0.064547
1061.650000  0.000000 2.513729  0.000000 0.311989  0.000000 0.000000  0.000000 0.671835 0.000000 0.325572
1066.262500  3.271277 3.551633  0.499058 0.440725  0.000000 0.000025  1.099733 0.949054 0.532930 0.459922
1070.875000  0.000000 1.447247  0.000000 0.174361  0.000000 0.002252  0.000000 0.375468 0.000000 0.182720
1075.487500  0.000000 0.948737  0.000000 0.019319  0.000000 0.057136  0.000000 0.041601 0.000000 0.039639
1080.100000  0.000000 4.411912  0.000000 0.000599  0.000000 0.415606  0.000000 0.001291 0.000000 0.142317
1084.712500  3.271277 7.314019  0.000000 0.000005  0.000000 0.866577  0.000000 0.000011 0.000000 0.295446
1089.325000  3.271277 3.644241  0.000000 0.000000  0.980037 0.517947  0.000000 0.000000 0.326679 0.176583
1093.937500  0.000000 0.814865  0.000000 0.000000  0.000000 0.088739  0.000000 0.000000 0.000000 0.030254
1098.550000  0.000000 1.914344  0.000000 0.000000  0.000000 0.004358  0.000000 0.000000 0.000000 0.001486
1103.162500  0.000000 3.792525  0.000000 0.000000  0.000000 0.000061  0.000000 0.000000 0.000000 0.000021
1107.775000  3.271277 2.240583  0.000000 0.000000  0.000000 0.000000  0.000000 0.000000 0.000000 0.000000
1112.387500  0.000000 0.698768  0.000000 0.000000  0.000000 0.000000  0.000000 0.000000 0.000000 0.000000
1117.000000  0.000000 2.042501  0.000000 0.000000  0.000000 0.000000  0.000000 0.000000 0.000000 0.000000
1121.612500  0.000000 3.862560  0.000000 0.000000  0.000000 0.000000  0.000000 0.000000 0.000000 0.000000
1126.225000  3.271277 2.201111  0.000000 0.000000  0.000000 0.000000  0.000000 0.000000 0.000000 0.000000
1130.837500  0.000000 0.374500  0.000000 0.000000  0.000000 0.000000  0.000000 0.000000 0.000000 0.000000
1135.450000  0.000000 0.019023  0.000000 0.000000  0.000000 0.000000  0.000000 0.000000 0.000000 0.000000
1140.062500  0.000000 0.000288  0.000000 0.000000  0.000000 0.000000  0.000000 0.000000 0.000000 0.000000
1144.675000  0.000000 0.000001  0.000000 0.000000  0.000000 0.000000  0.000000 0.000000 0.000000 0.000000
1149.287500  0.000000 0.000000  0.000000 0.000000  0.000000 0.000000  0.000000 0.000000 0.000000 0.000000
1153.900000  0.000000 0.000000  0.000000 0.000000  0.000000 0.000000  0.000000 0.000000 0.000000 0.000000
1158.512500  0.000000 0.000000  0.000000 0.000000  0.000000 0.000000  0.000000 0.000000 0.000000 0.000000
1163.125000  0.000000 0.000000  0.000000 0.000000  0.000000 0.000000  0.000000 0.000000 0.000000 0.000000
1167.737500  0.000000 0.000000  0.000000 0.000000  0.000000 0.000000  0.000000 0.000000 0.000000 0.000000
1172.350000  0.000000 0.000000  0.000000 0.000000  0.000000 0.000000  0.000000 0.000000 0.000000 0.000000
1176.962500  0.000000 0.000000  0.000000 0.000000  0.000000 0.000000  0.000000 0.000000 0.000000 0.000000
1181.575000  0.000000 0.000000  0.000000 0.000000  0.000000 0.000000  0.000000 0.000000 0.000000 0.000000
1186.187500  0.000000 0.000000  0.000000 0.000000  0.000000 0.000000  0.000000 0.000000 0.000000 0.000000
1190.800000  0.000000 0.000000  0.000000 0.000000  0.000000 0.000000  0.000000 0.000000 0.000000 0.000000
1195.412500  0.000000 0.000000  0.000000 0.000000  0.000000 0.000000  0.000000 0.000000 0.000000 0.000000
1200.025000  0.000000 0.000000  0.000000 0.000000  0.000000 0.000000  0.000000 0.000000 0.000000 0.000000
1204.637500  0.000000 0.000000  0.000000 0.000000  0.000000 0.000000  0.000000 0.000000 0.000000 0.000000
1209.250000  0.000000 0.000000  0.000000 0.000000  0.000000 0.000000  0.000000 0.000000 0.000000 0.000000
1213.862500  0.000000 0.000000  0.000000 0.000000  0.000000 0.000000  0.000000 0.000000 0.000000 0.000000
1218.475000  0.000000 0.000000  0.000000 0.000000  0.000000 0.000000  0.000000 0.000000 0.000000 0.000000
1223.087500  0.000000 0.000000  0.000000 0.000000  0.000000 0.000000  0.000000 0.000000 0.000000 0.000000
1227.700000  0.000000 0.000000  0.000000 0.000000  0.000000 0.000000  0.000000 0.000000 0.000000 0.000000
1232.312500  0.000000 0.000000  0.000000 0.000000  0.000000 0.000000  0.000000 0.000000 0.000000 0.000000
1236.925000  0.000000 0.000000  0.000000 0.000000  0.000000 0.000000  0.000000 0.000000 0.000000 0.000000
1241.537500  0.000000 0.000000  0.000000 0.000000  0.000000 0.000000  0.000000 0.000000 0.000000 0.000000
1246.150000  0.000000 0.000000  0.000000 0.000000  0.000000 0.000000  0.000000 0.000000 0.000000 0.000000
1250.762500  0.000000 0.000000  0.000000 0.000000  0.000000 0.000000  0.000000 0.000000 0.000000 0.000000
1255.375000  0.000000 0.000000  0.000000 0.000000  0.000000 0.000000  0.000000 0.000000 0.000000 0.000000
1259.987500  0.000000 0.000000  0.000000 0.000000  0.000000 0.000000  0.000000 0.000000 0.000000 0.000000
1264.600000  0.000000 0.000000  0.000000 0.000000  0.000000 0.000000  0.000000 0.000000 0.000000 0.000000
1269.212500  0.000000 0.000000  0.000000 0.000000  0.000000 0.000000  0.000000 0.000000 0.000000 0.000000
1273.825000  0.000000 0.000000  0.000000 0.000000  0.000000 0.000000  0.000000 0.000000 0.000000 0.000000
1278.437500  0.000000 0.000000  0.000000 0.000000  0.000000 0.000000  0.000000 0.000000 0.000000 0.000000
1283.050000  0.000000 0.000000  0.000000 0.000000  0.000000 0.000000  0.000000 0.000000 0.000000 0.000000
1287.662500  0.000000 0.000000  0.000000 0.000000  0.000000 0.000000  0.000000 0.000000 0.000000 0.000000
1292.275000  0.000000 0.000000  0.000000 0.000000  0.000000 0.000000  0.000000 0.000000 0.000000 0.000000
1296.887500  0.000000 0.000000  0.000000 0.000000  0.000000 0.000000  0.000000 0.000000 0.000000 0.000000
1301.500000  0.000000 0.000000  0.000000 0.000000  0.000000 0.000000  0.000000 0.000000 0.000000 0.000000
1306.112500  0.000000 0.000000  0.000000 0.000000  0.000000 0.000000  0.000000 0.000000 0.000000 0.000000
1310.725000  0.000000 0.000000  0.000000 0.000000  0.000000 0.000000  0.000000 0.000000 0.000000 0.000000
1315.337500  0.000000 0.000000  0.000000 0.000000  0.000000 0.000000  0.000000 0.000000 0.000000 0.000000
1319.950000  0.000000 0.000000  0.000000 0.000000  0.000000 0.000000  0.000000 0.000000 0.000000 0.000000
1324.562500  0.000000 0.000000  0.000000 0.000000  0.000000 0.000000  0.000000 0.000000 0.000000 0.000000
1329.175000  0.000000 0.000000  0.000000 0.000000  0.000000 0.000000  0.000000 0.000000 0.000000 0.000000
1333.787500  0.000000 0.000000  0.000000 0.000000  0.000000 0.000000  0.000000 0.000000 0.000000 0.000000
1338.400000  0.000000 0.000000  0.000000 0.000000  0.000000 0.000000  0.000000 0.000000 0.000000 0.000000
1343.012500  0.000000 0.000000  0.000000 0.000000  0.000000 0.000000  0.000000 0.000000 0.000000 0.000000
1347.625000  0.000000 0.000000  0.000000 0.000000  0.000000 0.000000  0.000000 0.000000 0.000000 0.000000
1352.237500  0.000000 0.000000  0.000000 0.000000  0.000000 0.000000  0.000000 0.000000 0.000000 0.000000
1356.850000  0.000000 0.000000  0.000000 0.000000  0.000000 0.000000  0.000000 0.000000 0.000000 0.000000
1361.462500  0.000000 0.000000  0.000000 0.000000  0.000000 0.000000  0.000000 0.000000 0.000000 0.000000
1366.075000  0.000000 0.000000  0.000000 0.000000  0.000000 0.000000  0.000000 0.000000 0.000000 0.000000
1370.687500  0.000000 0.000000  0.000000 0.000000  0.000000 0.000000  0.000000 0.000000 0.000000 0.000000
1375.300000  0.000000 0.000000  0.000000 0.000000  0.000000 0.000000  0.000000 0.000000 0.000000 0.000000
1379.912500  0.000000 0.000000  0.000000 0.000000  0.000000 0.000000  0.000000 0.000000 0.000000 0.000000
1384.525000  0.000000 0.000000  0.000000 0.000000  0.000000 0.000000  0.000000 0.000000 0.000000 0.000000
1389.137500  0.000000 0.000000  0.000000 0.000000  0.000000 0.000000  0.000000 0.000000 0.000000 0.000000
1393.750000  0.000000 0.000000  0.000000 0.000000  0.000000 0.000000  0.000000 0.000000 0.000000 0.000000
1398.362500  0.000000 0.000000  0.000000 0.000000  0.000000 0.000000  0.000000 0.000000 0.000000 0.000000
1402.975000  0.000000 0.000000  0.000000 0.000000  0.000000 0.000000  0.000000 0.000000 0.000000 0.000000
1407.587500  0.000000 0.000000  0.000000 0.000000  0.000000 0.000000  0.000000 0.000000 0.000000 0.000000
1412.200000  0.000000 0.000000  0.000000 0.000000  0.000000 0.000000  0.000000 0.000000 0.000000 0.000000
1416.812500  0.000000 0.000000  0.000000 0.000000  0.000000 0.000000  0.000000 0.000000 0.000000 0.000000
1421.425000  0.000000 0.000000  0.000000 0.000000  0.000000 0.000000  0.000000 0.000000 0.000000 0.000000
1426.037500  0.000000 0.000000  0.000000 0.000000  0.000000 0.000000  0.000000 0.000000 0.000000 0.000000
1430.650000  0.000000 0.000000  0.000000 0.000000  0.000000 0.000000  0.000000 0.000000 0.000000 0.000000
1435.262500  0.000000 0.000000  0.000000 0.000000  0.000000 0.000000  0.000000 0.000000 0.000000 0.000000
1439.875000  0.000000 0.000000  0.000000 0.000000  0.000000 0.000000  0.000000 0.000000 0.000000 0.000000
1444.487500  0.000000 0.000000  0.000000 0.000000  0.000000 0.000000  0.000000 0.000000 0.000000 0.000000
1449.100000  0.000000 0.000000  0.000000 0.000000  0.000000 0.000000  0.000000 0.000000 0.000000 0.000000
1453.712500  0.000000 0.000000  0.000000 0.000000  0.000000 0.000000  0.000000 0.000000 0.000000 0.000000
1458.325000  0.000000 0.000000  0.000000 0.000000  0.000000 0.000000  0.000000 0.000000 0.000000 0.000000
1462.937500  0.000000 0.000000  0.000000 0.000000  0.000000 0.000000  0.000000 0.000000 0.000000 0.000000
1467.550000  0.000000 0.000000  0.000000 0.000000  0.000000 0.000000  0.000000 0.000000 0.000000 0.000000
1472.162500  0.000000 0.000000  0.000000 0.000000  0.000000 0.000000  0.000000 0.000000 0.000000 0.000000
1476.775000  0.000000 0.000000  0.000000 0.000000  0.000000 0.000000  0.000000 0.000000 0.000000 0.000000
1481.387500  0.000000 0.000000  0.000000 0.000000  0.000000 0.000000  0.000000 0.000000 0.000000 0.000000
1486.000000  0.000000 0.000000  0.000000 0.000000  0.000000 0.000000  0.000000 0.000000 0.000000 0.000000
1490.612500  0.000000 0.000000  0.000000 0.000000  0.000000 0.000000  0.000000 0.000000 0.000000 0.000000
1495.225000  0.000000 0.000000  0.000000 0.000000  0.000000 0.000000  0.000000 0.000000 0.000000 0.000000
1499.837500  0.000000 0.000000  0.000000 0.000000  0.000000 0.000000  0.000000 0.000000 0.000000 0.000000
1504.450000  0.000000 0.000000  0.000000 0.000000  0.000000 0.000000  0.000000 0.000000 0.000000 0.000000
1509.062500  0.000000 0.000000  0.000000 0.000000  0.000000 0.000000  0.000000 0.000000 0.000000 0.000000
1513.675000  0.000000 0.000000  0.000000 0.000000  0.000000 0.000000  0.000000 0.000000 0.000000 0.000000
1518.287500  0.000000 0.000000  0.000000 0.000000  0.000000 0.000000  0.000000 0.000000 0.000000 0.000000
1522.900000  0.000000 0.000000  0.000000 0.000000  0.000000 0.000000  0.000000 0.000000 0.000000 0.000000
1527.512500  0.000000 0.000000  0.000000 0.000000  0.000000 0.000000  0.000000 0.000000 0.000000 0.000000
1532.125000  0.000000 0.000000  0.000000 0.000000  0.000000 0.000000  0.000000 0.000000 0.000000 0.000000
1536.737500  0.000000 0.000000  0.000000 0.000000  0.000000 0.000000  0.000000 0.000000 0.000000 0.000000
1541.350000  0.000000 0.000000  0.000000 0.000000  0.000000 0.000000  0.000000 0.000000 0.000000 0.000000
1545.962500  0.000000 0.000000  0.000000 0.000000  0.000000 0.000000  0.000000 0.000000 0.000000 0.000000
1550.575000  0.000000 0.000000  0.000000 0.000000  0.000000 0.000000  0.000000 0.000000 0.000000 0.000000
1555.187500  0.000000 0.000000  0.000000 0.000000  0.000000 0.000000  0.000000 0.000000 0.000000 0.000000
1559.800000  0.000000 0.000000  0.000000 0.000000  0.000000 0.000000  0.000000 0.000000 0.000000 0.000000
1564.412500  0.000000 0.000000  0.000000 0.000000  0.000000 0.000000  0.000000 0.000000 0.000000 0.000000
1569.025000  0.000000 0.000000  0.000000 0.000000  0.000000 0.000000  0.000000 0.000000 0.000000 0.000000
1573.637500  0.000000 0.000000  0.000000 0.000000  0.000000 0.000000  0.000000 0.000000 0.000000 0.000000
1578.250000  0.000000 0.000000  0.000000 0.000000  0.000000 0.000000  0.000000 0.000000 0.000000 0.000000
1582.862500  0.000000 0.000000  0.000000 0.000000  0.000000 0.000000  0.000000 0.000000 0.000000 0.000000
1587.475000  0.000000 0.000000  0.000000 0.000000  0.000000 0.000000  0.000000 0.000000 0.000000 0.000000
1592.087500  0.000000 0.000000  0.000000 0.000000  0.000000 0.000000  0.000000 0.000000 0.000000 0.000000
1596.700000  0.000000 0.000000  0.000000 0.000000  0.000000 0.000000  0.000000 0.000000 0.000000 0.000000
1601.312500  0.000000 0.000000  0.000000 0.000000  0.000000 0.000000  0.000000 0.000000 0.000000 0.000000
1605.925000  0.000000 0.000000  0.000000 0.000000  0.000000 0.000000  0.000000 0.000000 0.000000 0.000000
1610.537500  0.000000 0.000000  0.000000 0.000000  0.000000 0.000000  0.000000 0.000000 0.000000 0.000000
1615.150000  0.000000 0.000000  0.000000 0.000000  0.000000 0.000000  0.000000 0.000000 0.000000 0.000000
1619.762500  0.000000 0.000000  0.000000 0.000000  0.000000 0.000000  0.000000 0.000000 0.000000 0.000000
1624.375000  0.000000 0.000000  0.000000 0.000000  0.000000 0.000000  0.000000 0.000000 0.000000 0.000000
1628.987500  0.000000 0.000000  0.000000 0.000000  0.000000 0.000000  0.000000 0.000000 0.000000 0.000000
1633.600000  0.000000 0.000000  0.000000 0.000000  0.000000 0.000000  0.000000 0.000000 0.000000 0.000000
1638.212500  0.000000 0.000000  0.000000 0.000000  0.000000 0.000000  0.000000 0.000000 0.000000 0.000000
1642.825000  0.000000 0.000000  0.000000 0.000000  0.000000 0.000000  0.000000 0.000000 0.000000 0.000000
1647.437500  0.000000 0.000000  0.000000 0.000000  0.000000 0.000000  0.000000 0.000000 0.000000 0.000000
1652.050000  0.000000 0.000000  0.000000 0.000000  0.000000 0.000000  0.000000 0.000000 0.000000 0.000000
1656.662500  0.000000 0.000000  0.000000 0.000000  0.000000 0.000000  0.000000 0.000000 0.000000 0.000000
1661.275000  0.000000 0.000000  0.000000 0.000000  0.000000 0.000000  0.000000 0.000000 0.000000 0.000000
1665.887500  0.000000 0.000000  0.000000 0.000000  0.000000 0.000000  0.000000 0.000000 0.000000 0.000000
1670.500000  0.000000 0.000000  0.000000 0.000000  0.000000 0.000000  0.000000 0.000000 0.000000 0.000000
1675.112500  0.000000 0.000000  0.000000 0.000000  0.000000 0.000000  0.000000 0.000000 0.000000 0.000000
1679.725000  0.000000 0.000000  0.000000 0.000000  0.000000 0.000000  0.000000 0.000000 0.000000 0.000000
1684.337500  0.000000 0.000000  0.000000 0.000000  0.000000 0.000000  0.000000 0.000000 0.000000 0.000000
1688.950000  0.000000 0.000000  0.000000 0.000000  0.000000 0.000000  0.000000 0.000000 0.000000 0.000000
1693.562500  0.000000 0.000000  0.000000 0.000000  0.000000 0.000000  0.000000 0.000000 0.000000 0.000000
1698.175000  0.000000 0.000000  0.000000 0.000000  0.000000 0.000000  0.000000 0.000000 0.000000 0.000000
1702.787500  0.000000 0.000000  0.000000 0.000000  0.000000 0.000000  0.000000 0.000000 0.000000 0.000000
1707.400000  0.000000 0.000000  0.000000 0.000000  0.000000 0.000000  0.000000 0.000000 0.000000 0.000000
1712.012500  0.000000 0.000000  0.000000 0.000000  0.000000 0.000000  0.000000 0.000000 0.000000 0.000000
1716.625000  0.000000 0.000000  0.000000 0.000000  0.000000 0.000000  0.000000 0.000000 0.000000 0.000000
1721.237500  0.000000 0.000000  0.000000 0.000000  0.000000 0.000000  0.000000 0.000000 0.000000 0.000000
1725.850000  0.000000 0.000000  0.000000 0.000000  0.000000 0.000000  0.000000 0.000000 0.000000 0.000000
1730.462500  0.000000 0.000000  0.000000 0.000000  0.000000 0.000000  0.000000 0.000000 0.000000 0.000000
1735.075000  0.000000 0.000000  0.000000 0.000000  0.000000 0.000000  0.000000 0.000000 0.000000 0.000000
1739.687500  0.000000 0.000000  0.000000 0.000000  0.000000 0.000000  0.000000 0.000000 0.000000 0.000000
1744.300000  0.000000 0.000000  0.000000 0.000000  0.000000 0.000000  0.000000 0.000000 0.000000 0.000000
1748.912500  0.000000 0.000000  0.000000 0.000000  0.000000 0.000000  0.000000 0.000000 0.000000 0.000000
1753.525000  0.000000 0.000000  0.000000 0.000000  0.000000 0.000000  0.000000 0.000000 0.000000 0.000000
1758.137500  0.000000 0.000000  0.000000 0.000000  0.000000 0.000000  0.000000 0.000000 0.000000 0.000000
1762.750000  0.000000 0.000000  0.000000 0.000000  0.000000 0.000000  0.000000 0.000000 0.000000 0.000000
1767.362500  0.000000 0.000000  0.000000 0.000000  0.000000 0.000000  0.000000 0.000000 0.000000 0.000000
1771.975000  0.000000 0.000000  0.000000 0.000000  0.000000 0.000000  0.000000 0.000000 0.000000 0.000000
1776.587500  0.000000 0.000000  0.000000 0.000000  0.000000 0.000000  0.000000 0.000000 0.000000 0.000000
1781.200000  0.000000 0.000000  0.000000 0.000000  0.000000 0.000000  0.000000 0.000000 0.000000 0.000000
1785.812500  0.000000 0.000000  0.000000 0.000000  0.000000 0.000000  0.000000 0.000000 0.000000 0.000000
1790.425000  0.000000 0.000000  0.000000 0.000000  0.000000 0.000000  0.000000 0.000000 0.000000 0.000000
1795.037500  0.000000 0.000000  0.000000 0.000000  0.000000 0.000000  0.000000 0.000000 0.000000 0.000000
1799.650000  0.000000 0.000000  0.000000 0.000000  0.000000 0.000000  0.000000 0.000000 0.000000 0.000000
1804.262500  0.000000 0.000000  0.000000 0.000000  0.000000 0.000000  0.000000 0.000000 0.000000 0.000000
1808.875000  0.000000 0.000000  0.000000 0.000000  0.000000 0.000000  0.000000 0.000000 0.000000 0.000000
1813.487500  0.000000 0.000000  0.000000 0.000000  0.000000 0.000000  0.000000 0.000000 0.000000 0.000000
1818.100000  0.000000 0.000000  0.000000 0.000000  0.000000 0.000000  0.000000 0.000000 0.000000 0.000000
1822.712500  0.000000 0.000000  0.000000 0.000000  0.000000 0.000000  0.000000 0.000000 0.000000 0.000000
1827.325000  0.000000 0.000000  0.000000 0.000000  0.000000 0.000000  0.000000 0.000000 0.000000 0.000000
1831.937500  0.000000 0.000000  0.000000 0.000000  0.000000 0.000000  0.000000 0.000000 0.000000 0.000000
1836.550000  0.000000 0.000000  0.000000 0.000000  0.000000 0.000000  0.000000 0.000000 0.000000 0.000000
1841.162500  0.000000 0.000000  0.000000 0.000000  0.000000 0.000000  0.000000 0.000000 0.000000 0.000000
1845.775000  0.000000 0.000000  0.000000 0.000000  0.000000 0.000000  0.000000 0.000000 0.000000 0.000000
1850.387500  0.000000 0.000000  0.000000 0.000000  0.000000 0.000000  0.000000 0.000000 0.000000 0.000000
1855.000000  0.000000 0.000000  0.000000 0.000000  0.000000 0.000000  0.000000 0.000000 0.000000 0.000000
1859.612500  0.000000 0.000000  0.000000 0.000000  0.000000 0.000000  0.000000 0.000000 0.000000 0.000000
1864.225000  0.000000 0.000000  0.000000 0.000000  0.000000 0.000000  0.000000 0.000000 0.000000 0.000000
1868.837500  0.000000 0.000000  0.000000 0.000000  0.000000 0.000000  0.000000 0.000000 0.000000 0.000000
1873.450000  0.000000 0.000000  0.000000 0.000000  0.000000 0.000000  0.000000 0.000000 0.000000 0.000000
1878.062500  0.000000 0.000000  0.000000 0.000000  0.000000 0.000000  0.000000 0.000000 0.000000 0.000000
1882.675000  0.000000 0.000000  0.000000 0.000000  0.000000 0.000000  0.000000 0.000000 0.000000 0.000000
1887.287500  0.000000 0.000000  0.000000 0.000000  0.000000 0.000000  0.000000 0.000000 0.000000 0.000000
1891.900000  0.000000 0.000000  0.000000 0.000000  0.000000 0.000000  0.000000 0.000000 0.000000 0.000000
1896.512500  0.000000 0.000000  0.000000 0.000000  0.000000 0.000000  0.000000 0.000000 0.000000 0.000000
1901.125000  0.000000 0.000000  0.000000 0.000000  0.000000 0.000000  0.000000 0.000000 0.000000 0.000000
1905.737500  0.000000 0.000000  0.000000 0.000000  0.000000 0.000000  0.000000 0.000000 0.000000 0.000000
1910.350000  0.000000 0.000000  0.000000 0.000000  0.000000 0.000000  0.000000 0.000000 0.000000 0.000000
1914.962500  0.000000 0.000000  0.000000 0.000000  0.000000 0.000000  0.000000 0.000000 0.000000 0.000000
1919.575000  0.000000 0.000000  0.000000 0.000000  0.000000 0.000000  0.000000 0.000000 0.000000 0.000000
1924.187500  0.000000 0.000000  0.000000 0.000000  0.000000 0.000000  0.000000 0.000000 0.000000 0.000000
1928.800000  0.000000 0.000000  0.000000 0.000000  0.000000 0.000000  0.000000 0.000000 0.000000 0.000000
1933.412500  0.000000 0.000000  0.000000 0.000000  0.000000 0.000000  0.000000 0.000000 0.000000 0.000000
1938.025000  0.000000 0.000000  0.000000 0.000000  0.000000 0.000000  0.000000 0.000000 0.000000 0.000000
1942.637500  0.000000 0.000000  0.000000 0.000000  0.000000 0.000000  0.000000 0.000000 0.000000 0.000000
1947.250000  0.000000 0.000000  0.000000 0.000000  0.000000 0.000000  0.000000 0.000000 0.000000 0.000000
1951.862500  0.000000 0.000000  0.000000 0.000000  0.000000 0.000000  0.000000 0.000000 0.000000 0.000000
1956.475000  0.000000 0.000000  0.000000 0.000000  0.000000 0.000000  0.000000 0.000000 0.000000 0.000000
1961.087500  0.000000 0.000000  0.000000 0.000000  0.000000 0.000000  0.000000 0.000000 0.000000 0.000000
1965.700000  0.000000 0.000000  0.000000 0.000000  0.000000 0.000000  0.000000 0.000000 0.000000 0.000000
1970.312500  0.000000 0.000000  0.000000 0.000000  0.000000 0.000000  0.000000 0.000000 0.000000 0.000000
1974.925000  0.000000 0.000000  0.000000 0.000000  0.000000 0.000000  0.000000 0.000000 0.000000 0.000000
1979.537500  0.000000 0.000000  0.000000 0.000000  0.000000 0.000000  0.000000 0.000000 0.000000 0.000000
1984.150000  0.000000 0.000000  0.000000 0.000000  0.000000 0.000000  0.000000 0.000000 0.000000 0.000000
1988.762500  0.000000 0.000000  0.000000 0.000000  0.000000 0.000000  0.000000 0.000000 0.000000 0.000000
1993.375000  0.000000 0.000000  0.000000 0.000000  0.000000 0.000000  0.000000 0.000000 0.000000 0.000000
1997.987500  0.000000 0.000000  0.000000 0.000000  0.000000 0.000000  0.000000 0.000000 0.000000 0.000000
2002.600000  0.000000 0.000000  0.000000 0.000000  0.000000 0.000000  0.000000 0.000000 0.000000 0.000000
2007.212500  0.000000 0.000000  0.000000 0.000000  0.000000 0.000000  0.000000 0.000000 0.000000 0.000000
2011.825000  0.000000 0.000000  0.000000 0.000000  0.000000 0.000000  0.000000 0.000000 0.000000 0.000000
2016.437500  0.000000 0.000000  0.000000 0.000000  0.000000 0.000000  0.000000 0.000000 0.000000 0.000000
2021.050000  0.000000 0.000000  0.000000 0.000000  0.000000 0.000000  0.000000 0.000000 0.000000 0.000000
2025.662500  0.000000 0.000000  0.000000 0.000000  0.000000 0.000000  0.000000 0.000000 0.000000 0.000000
2030.275000  0.000000 0.000000  0.000000 0.000000  0.000000 0.000000  0.000000 0.000000 0.000000 0.000000
2034.887500  0.000000 0.000000  0.000000 0.000000  0.000000 0.000000  0.000000 0.000000 0.000000 0.000000
2039.500000  0.000000 0.000000  0.000000 0.000000  0.000000 0.000000  0.000000 0.000000 0.000000 0.000000
2044.112500  0.000000 0.000000  0.000000 0.000000  0.000000 0.000000  0.000000 0.000000 0.000000 0.000000
2048.725000  0.000000 0.000000  0.000000 0.000000  0.000000 0.000000  0.000000 0.000000 0.000000 0.000000
2053.337500  0.000000 0.000000  0.000000 0.000000  0.000000 0.000000  0.000000 0.000000 0.000000 0.000000
2057.950000  0.000000 0.000000  0.000000 0.000000  0.000000 0.000000  0.000000 0.000000 0.000000 0.000000
2062.562500  0.000000 0.000000  0.000000 0.000000  0.000000 0.000000  0.000000 0.000000 0.000000 0.000000
2067.175000  0.000000 0.000000  0.000000 0.000000  0.000000 0.000000  0.000000 0.000000 0.000000 0.000000
2071.787500  0.000000 0.000000  0.000000 0.000000  0.000000 0.000000  0.000000 0.000000 0.000000 0.000000
2076.400000  0.000000 0.000000  0.000000 0.000000  0.000000 0.000000  0.000000 0.000000 0.000000 0.000000
2081.012500  0.000000 0.000000  0.000000 0.000000  0.000000 0.000000  0.000000 0.000000 0.000000 0.000000
2085.625000  0.000000 0.000000  0.000000 0.000000  0.000000 0.000000  0.000000 0.000000 0.000000 0.000000
2090.237500  0.000000 0.000000  0.000000 0.000000  0.000000 0.000000  0.000000 0.000000 0.000000 0.000000
2094.850000  0.000000 0.000000  0.000000 0.000000  0.000000 0.000000  0.000000 0.000000 0.000000 0.000000
2099.462500  0.000000 0.000000  0.000000 0.000000  0.000000 0.000000  0.000000 0.000000 0.000000 0.000000
2104.075000  0.000000 0.000000  0.000000 0.000000  0.000000 0.000000  0.000000 0.000000 0.000000 0.000000
2108.687500  0.000000 0.000000  0.000000 0.000000  0.000000 0.000000  0.000000 0.000000 0.000000 0.000000
2113.300000  0.000000 0.000000  0.000000 0.000000  0.000000 0.000000  0.000000 0.000000 0.000000 0.000000
2117.912500  0.000000 0.000000  0.000000 0.000000  0.000000 0.000000  0.000000 0.000000 0.000000 0.000000
2122.525000  0.000000 0.000000  0.000000 0.000000  0.000000 0.000000  0.000000 0.000000 0.000000 0.000000
2127.137500  0.000000 0.000000  0.000000 0.000000  0.000000 0.000000  0.000000 0.000000 0.000000 0.000000
2131.750000  0.000000 0.000000  0.000000 0.000000  0.000000 0.000000  0.000000 0.000000 0.000000 0.000000
2136.362500  0.000000 0.000000  0.000000 0.000000  0.000000 0.000000  0.000000 0.000000 0.000000 0.000000
2140.975000  0.000000 0.000000  0.000000 0.000000  0.000000 0.000000  0.000000 0.000000 0.000000 0.000000
2145.587500  0.000000 0.000000  0.000000 0.000000  0.000000 0.000000  0.000000 0.000000 0.000000 0.000000
2150.200000  0.000000 0.000000  0.000000 0.000000  0.000000 0.000000  0.000000 0.000000 0.000000 0.000000
2154.812500  0.000000 0.000000  0.000000 0.000000  0.000000 0.000000  0.000000 0.000000 0.000000 0.000000
2159.425000  0.000000 0.000000  0.000000 0.000000  0.000000 0.000000  0.000000 0.000000 0.000000 0.000000
2164.037500  0.000000 0.000000  0.000000 0.000000  0.000000 0.000000  0.000000 0.000000 0.000000 0.000000
2168.650000  0.000000 0.000000  0.000000 0.000000  0.000000 0.000000  0.000000 0.000000 0.000000 0.000000
2173.262500  0.000000 0.000000  0.000000 0.000000  0.000000 0.000000  0.000000 0.000000 0.000000 0.000000
2177.875000  0.000000 0.000000  0.000000 0.000000  0.000000 0.000000  0.000000 0.000000 0.000000 0.000000
2182.487500  0.000000 0.000000  0.000000 0.000000  0.000000 0.000000  0.000000 0.000000 0.000000 0.000000
2187.100000  0.000000 0.000000  0.000000 0.000000  0.000000 0.000000  0.000000 0.000000 0.000000 0.000000
2191.712500  0.000000 0.000000  0.000000 0.000000  0.000000 0.000000  0.000000 0.000000 0.000000 0.000000
2196.325000  0.000000 0.000000  0.000000 0.000000  0.000000 0.000000  0.000000 0.000000 0.000000 0.000000
2200.937500  0.000000 0.000000  0.000000 0.000000  0.000000 0.000000  0.000000 0.000000 0.000000 0.000000
2205.550000  0.000000 0.000000  0.000000 0.000000  0.000000 0.000000  0.000000 0.000000 0.000000 0.000000
2210.162500  0.000000 0.000000  0.000000 0.000000  0.000000 0.000000  0.000000 0.000000 0.000000 0.000000
2214.775000  0.000000 0.000000  0.000000 0.000000  0.000000 0.000000  0.000000 0.000000 0.000000 0.000000
2219.387500  0.000000 0.000000  0.000000 0.000000  0.000000 0.000000  0.000000 0.000000 0.000000 0.000000
2224.000000  0.000000 0.000000  0.000000 0.000000  0.000000 0.000000  0.000000 0.000000 0.000000 0.000000
2228.612500  0.000000 0.000000  0.000000 0.000000  0.000000 0.000000  0.000000 0.000000 0.000000 0.000000
2233.225000  0.000000 0.000000  0.000000 0.000000  0.000000 0.000000  0.000000 0.000000 0.000000 0.000000
2237.837500  0.000000 0.000000  0.000000 0.000000  0.000000 0.000000  0.000000 0.000000 0.000000 0.000000
2242.450000  0.000000 0.000000  0.000000 0.000000  0.000000 0.000000  0.000000 0.000000 0.000000 0.000000
2247.062500  0.000000 0.000000  0.000000 0.000000  0.000000 0.000000  0.000000 0.000000 0.000000 0.000000
2251.675000  0.000000 0.000000  0.000000 0.000000  0.000000 0.000000  0.000000 0.000000 0.000000 0.000000
2256.287500  0.000000 0.000000  0.000000 0.000000  0.000000 0.000000  0.000000 0.000000 0.000000 0.000000
2260.900000  0.000000 0.000000  0.000000 0.000000  0.000000 0.000000  0.000000 0.000000 0.000000 0.000000
2265.512500  0.000000 0.000000  0.000000 0.000000  0.000000 0.000000  0.000000 0.000000 0.000000 0.000000
2270.125000  0.000000 0.000000  0.000000 0.000000  0.000000 0.000000  0.000000 0.000000 0.000000 0.000000
2274.737500  0.000000 0.000000  0.000000 0.000000  0.000000 0.000000  0.000000 0.000000 0.000000 0.000000
2279.350000  0.000000 0.000000  0.000000 0.000000  0.000000 0.000000  0.000000 0.000000 0.000000 0.000000
2283.962500  0.000000 0.000000  0.000000 0.000000  0.000000 0.000000  0.000000 0.000000 0.000000 0.000000
2288.575000  0.000000 0.000000  0.000000 0.000000  0.000000 0.000000  0.000000 0.000000 0.000000 0.000000
2293.187500  0.000000 0.000000  0.000000 0.000000  0.000000 0.000000  0.000000 0.000000 0.000000 0.000000
2297.800000  0.000000 0.000000  0.000000 0.000000  0.000000 0.000000  0.000000 0.000000 0.000000 0.000000
2302.412500  0.000000 0.000000  0.000000 0.000000  0.000000 0.000000  0.000000 0.000000 0.000000 0.000000
2307.025000  0.000000 0.000000  0.000000 0.000000  0.000000 0.000000  0.000000 0.000000 0.000000 0.000000
2311.637500  0.000000 0.000000  0.000000 0.000000  0.000000 0.000000  0.000000 0.000000 0.000000 0.000000
2316.250000  0.000000 0.000000  0.000000 0.000000  0.000000 0.000000  0.000000 0.000000 0.000000 0.000000
2320.862500  0.000000 0.000000  0.000000 0.000000  0.000000 0.000000  0.000000 0.000000 0.000000 0.000000
2325.475000  0.000000 0.000000  0.000000 0.000000  0.000000 0.000000  0.000000 0.000000 0.000000 0.000000
2330.087500  0.000000 0.000000  0.000000 0.000000  0.000000 0.000000  0.000000 0.000000 0.000000 0.000000
2334.700000  0.000000 0.000000  0.000000 0.000000  0.000000 0.000000  0.000000 0.000000 0.000000 0.000000
2339.312500  0.000000 0.000000  0.000000 0.000000  0.000000 0.000000  0.000000 0.000000 0.000000 0.000000
2343.925000  0.000000 0.000000  0.000000 0.000000  0.000000 0.000000  0.000000 0.000000 0.000000 0.000000
2348.537500  0.000000 0.000000  0.000000 0.000000  0.000000 0.000000  0.000000 0.000000 0.000000 0.000000
2353.150000  0.000000 0.000000  0.000000 0.000000  0.000000 0.000000  0.000000 0.000000 0.000000 0.000000
2357.762500  0.000000 0.000000  0.000000 0.000000  0.000000 0.000000  0.000000 0.000000 0.000000 0.000000
2362.375000  0.000000 0.000000  0.000000 0.000000  0.000000 0.000000  0.000000 0.000000 0.000000 0.000000
2366.987500  0.000000 0.000000  0.000000 0.000000  0.000000 0.000000  0.000000 0.000000 0.000000 0.000000
2371.600000  0.000000 0.000000  0.000000 0.000000  0.000000 0.000000  0.000000 0.000000 0.000000 0.000000
2376.212500  0.000000 0.000000  0.000000 0.000000  0.000000 0.000000  0.000000 0.000000 0.000000 0.000000
2380.825000  0.000000 0.000000  0.000000 0.000000  0.000000 0.000000  0.000000 0.000000 0.000000 0.000000
2385.437500  0.000000 0.000000  0.000000 0.000000  0.000000 0.000000  0.000000 0.000000 0.000000 0.000000
2390.050000  0.000000 0.000000  0.000000 0.000000  0.000000 0.000000  0.000000 0.000000 0.000000 0.000000
2394.662500  0.000000 0.000000  0.000000 0.000000  0.000000 0.000000  0.000000 0.000000 0.000000 0.000000
2399.275000  0.000000 0.000000  0.000000 0.000000  0.000000 0.000000  0.000000 0.000000 0.000000 0.000000
2403.887500  0.000000 0.000000  0.000000 0.000000  0.000000 0.000000  0.000000 0.000000 0.000000 0.000000
2408.500000  0.000000 0.000000  0.000000 0.000000  0.000000 0.000000  0.000000 0.000000 0.000000 0.000000
2413.112500  0.000000 0.000000  0.000000 0.000000  0.000000 0.000000  0.000000 0.000000 0.000000 0.000000
2417.725000  0.000000 0.000000  0.000000 0.000000  0.000000 0.000000  0.000000 0.000000 0.000000 0.000000
2422.337500  0.000000 0.000000  0.000000 0.000000  0.000000 0.000000  0.000000 0.000000 0.000000 0.000000
2426.950000  0.000000 0.000000  0.000000 0.000000  0.000000 0.000000  0.000000 0.000000 0.000000 0.000000
2431.562500  0.000000 0.000000  0.000000 0.000000  0.000000 0.000000  0.000000 0.000000 0.000000 0.000000
2436.175000  0.000000 0.000000  0.000000 0.000000  0.000000 0.000000  0.000000 0.000000 0.000000 0.000000
2440.787500  0.000000 0.000000  0.000000 0.000000  0.000000 0.000000  0.000000 0.000000 0.000000 0.000000
2445.400000  0.000000 0.000000  0.000000 0.000000  0.000000 0.000000  0.000000 0.000000 0.000000 0.000000
2450.012500  0.000000 0.000000  0.000000 0.000000  0.000000 0.000000  0.000000 0.000000 0.000000 0.000000
2454.625000  0.000000 0.000000  0.000000 0.000000  0.000000 0.000000  0.000000 0.000000 0.000000 0.000000
2459.237500  0.000000 0.000000  0.000000 0.000000  0.000000 0.000000  0.000000 0.000000 0.000000 0.000000
2463.850000  0.000000 0.000000  0.000000 0.000000  0.000000 0.000000  0.000000 0.000000 0.000000 0.000000
2468.462500  0.000000 0.000000  0.000000 0.000000  0.000000 0.000000  0.000000 0.000000 0.000000 0.000000
2473.075000  0.000000 0.000000  0.000000 0.000000  0.000000 0.000000  0.000000 0.000000 0.000000 0.000000
2477.687500  0.000000 0.000000  0.000000 0.000000  0.000000 0.000000  0.000000 0.000000 0.000000 0.000000
2482.300000  0.000000 0.000000  0.000000 0.000000  0.000000 0.000000  0.000000 0.000000 0.000000 0.000000
2486.912500  0.000000 0.000000  0.000000 0.000000  0.000000 0.000000  0.000000 0.000000 0.000000 0.000000
2491.525000  0.000000 0.000000  0.000000 0.000000  0.000000 0.000000  0.000000 0.000000 0.000000 0.000000
2496.137500  0.000000 0.000000  0.000000 0.000000  0.000000 0.000000  0.000000 0.000000 0.000000 0.000000
2500.750000  0.000000 0.000000  0.000000 0.000000  0.000000 0.000000  0.000000 0.000000 0.000000 0.000000
2505.362500  0.000000 0.000000  0.000000 0.000000  0.000000 0.000000  0.000000 0.000000 0.000000 0.000000
2509.975000  0.000000 0.000000  0.000000 0.000000  0.000000 0.000000  0.000000 0.000000 0.000000 0.000000
2514.587500  0.000000 0.000000  0.000000 0.000000  0.000000 0.000000  0.000000 0.000000 0.000000 0.000000
2519.200000  0.000000 0.000000  0.000000 0.000000  0.000000 0.000000  0.000000 0.000000 0.000000 0.000000
2523.812500  0.000000 0.000000  0.000000 0.000000  0.000000 0.000000  0.000000 0.000000 0.000000 0.000000
2528.425000  0.000000 0.000000  0.000000 0.000000  0.000000 0.000000  0.000000 0.000000 0.000000 0.000000
2533.037500  0.000000 0.000000  0.000000 0.000000  0.000000 0.000000  0.000000 0.000000 0.000000 0.000000
2537.650000  0.000000 0.000000  0.000000 0.000000  0.000000 0.000000  0.000000 0.000000 0.000000 0.000000
2542.262500  0.000000 0.000000  0.000000 0.000000  0.000000 0.000000  0.000000 0.000000 0.000000 0.000000
2546.875000  0.000000 0.000000  0.000000 0.000000  0.000000 0.000000  0.000000 0.000000 0.000000 0.000000
2551.487500  0.000000 0.000000  0.000000 0.000000  0.000000 0.000000  0.000000 0.000000 0.000000 0.000000
2556.100000  0.000000 0.000000  0.000000 0.000000  0.000000 0.000000  0.000000 0.000000 0.000000 0.000000
2560.712500  0.000000 0.000000  0.000000 0.000000  0.000000 0.000000  0.000000 0.000000 0.000000 0.000000
2565.325000  0.000000 0.000000  0.000000 0.000000  0.000000 0.000000  0.000000 0.000000 0.000000 0.000000
2569.937500  0.000000 0.000000  0.000000 0.000000  0.000000 0.000000  0.000000 0.000000 0.000000 0.000000
2574.550000  0.000000 0.000000  0.000000 0.000000  0.000000 0.000000  0.000000 0.000000 0.000000 0.000000
2579.162500  0.000000 0.000000  0.000000 0.000000  0.000000 0.000000  0.000000 0.000000 0.000000 0.000000
2583.775000  0.000000 0.000000  0.000000 0.000000  0.000000 0.000000  0.000000 0.000000 0.000000 0.000000
2588.387500  0.000000 0.000000  0.000000 0.000000  0.000000 0.000000  0.000000 0.000000 0.000000 0.000000
2593.000000  0.000000 0.000000  0.000000 0.000000  0.000000 0.000000  0.000000 0.000000 0.000000 0.000000
2597.612500  0.000000 0.000000  0.000000 0.000000  0.000000 0.000000  0.000000 0.000000 0.000000 0.000000
2602.225000  0.000000 0.000000  0.000000 0.000000  0.000000 0.000000  0.000000 0.000000 0.000000 0.000000
2606.837500  0.000000 0.000000  0.000000 0.000000  0.000000 0.000000  0.000000 0.000000 0.000000 0.000000
2611.450000  0.000000 0.000000  0.000000 0.000000  0.000000 0.000000  0.000000 0.000000 0.000000 0.000000
2616.062500  0.000000 0.000000  0.000000 0.000000  0.000000 0.000000  0.000000 0.000000 0.000000 0.000000
2620.675000  0.000000 0.000000  0.000000 0.000000  0.000000 0.000000  0.000000 0.000000 0.000000 0.000000
2625.287500  0.000000 0.000000  0.000000 0.000000  0.000000 0.000000  0.000000 0.000000 0.000000 0.000000
2629.900000  0.000000 0.000000  0.000000 0.000000  0.000000 0.000000  0.000000 0.000000 0.000000 0.000000
2634.512500  0.000000 0.000000  0.000000 0.000000  0.000000 0.000000  0.000000 0.000000 0.000000 0.000000
2639.125000  0.000000 0.000000  0.000000 0.000000  0.000000 0.000000  0.000000 0.000000 0.000000 0.000000
2643.737500  0.000000 0.000000  0.000000 0.000000  0.000000 0.000000  0.000000 0.000000 0.000000 0.000000
2648.350000  0.000000 0.000000  0.000000 0.000000  0.000000 0.000000  0.000000 0.000000 0.000000 0.000000
2652.962500  0.000000 0.000000  0.000000 0.000000  0.000000 0.000000  0.000000 0.000000 0.000000 0.000000
2657.575000  0.000000 0.000000  0.000000 0.000000  0.000000 0.000000  0.000000 0.000000 0.000000 0.000000
2662.187500  0.000000 0.000000  0.000000 0.000000  0.000000 0.000000  0.000000 0.000000 0.000000 0.000000
2666.800000  0.000000 0.000000  0.000000 0.000000  0.000000 0.000000  0.000000 0.000000 0.000000 0.000000
2671.412500  0.000000 0.000000  0.000000 0.000000  0.000000 0.000000  0.000000 0.000000 0.000000 0.000000
2676.025000  0.000000 0.000000  0.000000 0.000000  0.000000 0.000000  0.000000 0.000000 0.000000 0.000000
2680.637500  0.000000 0.000000  0.000000 0.000000  0.000000 0.000000  0.000000 0.000000 0.000000 0.000000
2685.250000  0.000000 0.000000  0.000000 0.000000  0.000000 0.000000  0.000000 0.000000 0.000000 0.000000
2689.862500  0.000000 0.000000  0.000000 0.000000  0.000000 0.000000  0.000000 0.000000 0.000000 0.000000
2694.475000  0.000000 0.000000  0.000000 0.000000  0.000000 0.000000  0.000000 0.000000 0.000000 0.000000
2699.087500  0.000000 0.000000  0.000000 0.000000  0.000000 0.000000  0.000000 0.000000 0.000000 0.000000
2703.700000  0.000000 0.000000  0.000000 0.000000  0.000000 0.000000  0.000000 0.000000 0.000000 0.000000
2708.312500  0.000000 0.000000  0.000000 0.000000  0.000000 0.000000  0.000000 0.000000 0.000000 0.000000
2712.925000  0.000000 0.000000  0.000000 0.000000  0.000000 0.000000  0.000000 0.000000 0.000000 0.000000
2717.537500  0.000000 0.000000  0.000000 0.000000  0.000000 0.000000  0.000000 0.000000 0.000000 0.000000
2722.150000  0.000000 0.000000  0.000000 0.000000  0.000000 0.000000  0.000000 0.000000 0.000000 0.000000
2726.762500  0.000000 0.000000  0.000000 0.000000  0.000000 0.000000  0.000000 0.000000 0.000000 0.000000
2731.375000  0.000000 0.000000  0.000000 0.000000  0.000000 0.000000  0.000000 0.000000 0.000000 0.000000
2735.987500  0.000000 0.000000  0.000000 0.000000  0.000000 0.000000  0.000000 0.000000 0.000000 0.000000
2740.600000  0.000000 0.000000  0.000000 0.000000  0.000000 0.000000  0.000000 0.000000 0.000000 0.000000
2745.212500  0.000000 0.000000  0.000000 0.000000  0.000000 0.000000  0.000000 0.000000 0.000000 0.000000
2749.825000  0.000000 0.000000  0.000000 0.000000  0.000000 0.000000  0.000000 0.000000 0.000000 0.000000
2754.437500  0.000000 0.000000  0.000000 0.000000  0.000000 0.000000  0.000000 0.000000 0.000000 0.000000
2759.050000  0.000000 0.000000  0.000000 0.000000  0.000000 0.000000  0.000000 0.000000 0.000000 0.000000
2763.662500  0.000000 0.000000  0.000000 0.000000  0.000000 0.000000  0.000000 0.000000 0.000000 0.000000
2768.275000  0.000000 0.000000  0.000000 0.000000  0.000000 0.000000  0.000000 0.000000 0.000000 0.000000
2772.887500  0.000000 0.000000  0.000000 0.000000  0.000000 0.000000  0.000000 0.000000 0.000000 0.000000
2777.500000  0.000000 0.000000  0.000000 0.000000  0.000000 0.000000  0.000000 0.000000 0.000000 0.000000
2782.112500  0.000000 0.000000  0.000000 0.000000  0.000000 0.000000  0.000000 0.000000 0.000000 0.000000
2786.725000  0.000000 0.000000  0.000000 0.000000  0.000000 0.000000  0.000000 0.000000 0.000000 0.000000
2791.337500  0.000000 0.000000  0.000000 0.000000  0.000000 0.000000  0.000000 0.000000 0.000000 0.000000
2795.950000  0.000000 0.000000  0.000000 0.000000  0.000000 0.000000  0.000000 0.000000 0.000000 0.000000
2800.562500  0.000000 0.000000  0.000000 0.000000  0.000000 0.000000  0.000000 0.000000 0.000000 0.000000
2805.175000  0.000000 0.000000  0.000000 0.000000  0.000000 0.000000  0.000000 0.000000 0.000000 0.000000
2809.787500  0.000000 0.000000  0.000000 0.000000  0.000000 0.000000  0.000000 0.000000 0.000000 0.000000
2814.400000  0.000000 0.000000  0.000000 0.000000  0.000000 0.000000  0.000000 0.000000 0.000000 0.000000
2819.012500  0.000000 0.000000  0.000000 0.000000  0.000000 0.000000  0.000000 0.000000 0.000000 0.000000
2823.625000  0.000000 0.000000  0.000000 0.000000  0.000000 0.000000  0.000000 0.000000 0.000000 0.000000
2828.237500  0.000000 0.000000  0.000000 0.000000  0.000000 0.000000  0.000000 0.000000 0.000000 0.000000
2832.850000  0.000000 0.000000  0.000000 0.000000  0.000000 0.000000  0.000000 0.000000 0.000000 0.000000
2837.462500  0.000000 0.000000  0.000000 0.000000  0.000000 0.000000  0.000000 0.000000 0.000000 0.000000
2842.075000  0.000000 0.000000  0.000000 0.000000  0.000000 0.000000  0.000000 0.000000 0.000000 0.000000
2846.687500  0.000000 0.000000  0.000000 0.000000  0.000000 0.000000  0.000000 0.000000 0.000000 0.000000
2851.300000  0.000000 0.000000  0.000000 0.000000  0.000000 0.000000  0.000000 0.000000 0.000000 0.000000
2855.912500  0.000000 0.000000  0.000000 0.000000  0.000000 0.000000  0.000000 0.000000 0.000000 0.000000
2860.525000  0.000000 0.000000  0.000000 0.000000  0.000000 0.000000  0.000000 0.000000 0.000000 0.000000
2865.137500  0.000000 0.000000  0.000000 0.000000  0.000000 0.000000  0.000000 0.000000 0.000000 0.000000
2869.750000  0.000000 0.000000  0.000000 0.000000  0.000000 0.000000  0.000000 0.000000 0.000000 0.000000
2874.362500  0.000000 0.000000  0.000000 0.000000  0.000000 0.000000  0.000000 0.000000 0.000000 0.000000
2878.975000  0.000000 0.000000  0.000000 0.000000  0.000000 0.000000  0.000000 0.000000 0.000000 0.000000
2883.587500  0.000000 0.000000  0.000000 0.000000  0.000000 0.000000  0.000000 0.000000 0.000000 0.000000
2888.200000  0.000000 0.000000  0.000000 0.000000  0.000000 0.000000  0.000000 0.000000 0.000000 0.000000
2892.812500  0.000000 0.000000  0.000000 0.000000  0.000000 0.000000  0.000000 0.000000 0.000000 0.000000
2897.425000  0.000000 0.000000  0.000000 0.000000  0.000000 0.000000  0.000000 0.000000 0.000000 0.000000
2902.037500  0.000000 0.000000  0.000000 0.000000  0.000000 0.000000  0.000000 0.000000 0.000000 0.000000
2906.650000  0.000000 0.000000  0.000000 0.000000  0.000000 0.000000  0.000000 0.000000 0.000000 0.000000
2911.262500  0.000000 0.000000  0.000000 0.000000  0.000000 0.000000  0.000000 0.000000 0.000000 0.000000
2915.875000  0.000000 0.000000  0.000000 0.000000  0.000000 0.000000  0.000000 0.000000 0.000000 0.000000
2920.487500  0.000000 0.000000  0.000000 0.000000  0.000000 0.000000  0.000000 0.000000 0.000000 0.000000
2925.100000  0.000000 0.000000  0.000000 0.000000  0.000000 0.000000  0.000000 0.000000 0.000000 0.000000
2929.712500  0.000000 0.000000  0.000000 0.000000  0.000000 0.000000  0.000000 0.000000 0.000000 0.000000
2934.325000  0.000000 0.000000  0.000000 0.000000  0.000000 0.000000  0.000000 0.000000 0.000000 0.000000
2938.937500  0.000000 0.000000  0.000000 0.000000  0.000000 0.000000  0.000000 0.000000 0.000000 0.000000
2943.550000  0.000000 0.000000  0.000000 0.000000  0.000000 0.000000  0.000000 0.000000 0.000000 0.000000
2948.162500  0.000000 0.000000  0.000000 0.000000  0.000000 0.000000  0.000000 0.000000 0.000000 0.000000
2952.775000  0.000000 0.000000  0.000000 0.000000  0.000000 0.000000  0.000000 0.000000 0.000000 0.000000
2957.387500  0.000000 0.000000  0.000000 0.000000  0.000000 0.000000  0.000000 0.000000 0.000000 0.000000
2962.000000  0.000000 0.000000  0.000000 0.000000  0.000000 0.000000  0.000000 0.000000 0.000000 0.000000
2966.612500  0.000000 0.000000  0.000000 0.000000  0.000000 0.000000  0.000000 0.000000 0.000000 0.000000
2971.225000  0.000000 0.000000  0.000000 0.000000  0.000000 0.000000  0.000000 0.000000 0.000000 0.000000
2975.837500  0.000000 0.000000  0.000000 0.000000  0.000000 0.000000  0.000000 0.000000 0.000000 0.000000
2980.450000  0.000000 0.000000  0.000000 0.000000  0.000000 0.000000  0.000000 0.000000 0.000000 0.000000
2985.062500  0.000000 0.000000  0.000000 0.000000  0.000000 0.000000  0.000000 0.000000 0.000000 0.000000
2989.675000  0.000000 0.000000  0.000000 0.000000  0.000000 0.000000  0.000000 0.000000 0.000000 0.000000
2994.287500  0.000000 0.000000  0.000000 0.000000  0.000000 0.000000  0.000000 0.000000 0.000000 0.000000
2998.900000  0.000000 0.000000  0.000000 0.000000  0.000000 0.000000  0.000000 0.000000 0.000000 0.000000
3003.512500  0.000000 0.000000  0.000000 0.000000  0.000000 0.000000  0.000000 0.000000 0.000000 0.000000
3008.125000  0.000000 0.000000  0.000000 0.000000  0.000000 0.000000  0.000000 0.000000 0.000000 0.000000
3012.737500  0.000000 0.000000  0.000000 0.000000  0.000000 0.000000  0.000000 0.000000 0.000000 0.000000
3017.350000  0.000000 0.000000  0.000000 0.000000  0.000000 0.000000  0.000000 0.000000 0.000000 0.000000
3021.962500  0.000000 0.000000  0.000000 0.000000  0.000000 0.000000  0.000000 0.000000 0.000000 0.000000
3026.575000  0.000000 0.000000  0.000000 0.000000  0.000000 0.000000  0.000000 0.000000 0.000000 0.000000
3031.187500  0.000000 0.000000  0.000000 0.000000  0.000000 0.000000  0.000000 0.000000 0.000000 0.000000
3035.800000  0.000000 0.000000  0.000000 0.000000  0.000000 0.000000  0.000000 0.000000 0.000000 0.000000
3040.412500  0.000000 0.000000  0.000000 0.000000  0.000000 0.000000  0.000000 0.000000 0.000000 0.000000
3045.025000  0.000000 0.000000  0.000000 0.000000  0.000000 0.000000  0.000000 0.000000 0.000000 0.000000
3049.637500  0.000000 0.000000  0.000000 0.000000  0.000000 0.000000  0.000000 0.000000 0.000000 0.000000
3054.250000  0.000000 0.000000  0.000000 0.000000  0.000000 0.000000  0.000000 0.000000 0.000000 0.000000
3058.862500  0.000000 0.000000  0.000000 0.000000  0.000000 0.000000  0.000000 0.000000 0.000000 0.000000
3063.475000  0.000000 0.000000  0.000000 0.000000  0.000000 0.000000  0.000000 0.000000 0.000000 0.000000
3068.087500  0.000000 0.000000  0.000000 0.000000  0.000000 0.000000  0.000000 0.000000 0.000000 0.000000
3072.700000  0.000000 0.000000  0.000000 0.000000  0.000000 0.000000  0.000000 0.000000 0.000000 0.000000
3077.312500  0.000000 0.000000  0.000000 0.000000  0.000000 0.000000  0.000000 0.000000 0.000000 0.000000
3081.925000  0.000000 0.000000  0.000000 0.000000  0.000000 0.000000  0.000000 0.000000 0.000000 0.000000
3086.537500  0.000000 0.000000  0.000000 0.000000  0.000000 0.000000  0.000000 0.000000 0.000000 0.000000
3091.150000  0.000000 0.000000  0.000000 0.000000  0.000000 0.000000  0.000000 0.000000 0.000000 0.000000
3095.762500  0.000000 0.000000  0.000000 0.000000  0.000000 0.000000  0.000000 0.000000 0.000000 0.000000
3100.375000  0.000000 0.000000  0.000000 0.000000  0.000000 0.000000  0.000000 0.000000 0.000000 0.000000
3104.987500  0.000000 0.000000  0.000000 0.000000  0.000000 0.000000  0.000000 0.000000 0.000000 0.000000
3109.600000  0.000000 0.000000  0.000000 0.000000  0.000000 0.000000  0.000000 0.000000 0.000000 0.000000
3114.212500  0.000000 0.000000  0.000000 0.000000  0.000000 0.000000  0.000000 0.000000 0.000000 0.000000
3118.825000  0.000000 0.000000  0.000000 0.000000  0.000000 0.000000  0.000000 0.000000 0.000000 0.000000
3123.437500  0.000000 0.000000  0.000000 0.000000  0.000000 0.000000  0.000000 0.000000 0.000000 0.000000
3128.050000  0.000000 0.000000  0.000000 0.000000  0.000000 0.000000  0.000000 0.000000 0.000000 0.000000
3132.662500  0.000000 0.000000  0.000000 0.000000  0.000000 0.000000  0.000000 0.000000 0.000000 0.000000
3137.275000  0.000000 0.000000  0.000000 0.000000  0.000000 0.000000  0.000000 0.000000 0.000000 0.000000
3141.887500  0.000000 0.000000  0.000000 0.000000  0.000000 0.000000  0.000000 0.000000 0.000000 0.000000
3146.500000  0.000000 0.000000  0.000000 0.000000  0.000000 0.000000  0.000000 0.000000 0.000000 0.000000
3151.112500  0.000000 0.000000  0.000000 0.000000  0.000000 0.000000  0.000000 0.000000 0.000000 0.000000
3155.725000  0.000000 0.000000  0.000000 0.000000  0.000000 0.000000  0.000000 0.000000 0.000000 0.000000
3160.337500  0.000000 0.000000  0.000000 0.000000  0.000000 0.000000  0.000000 0.000000 0.000000 0.000000
3164.950000  0.000000 0.000000  0.000000 0.000000  0.000000 0.000000  0.000000 0.000000 0.000000 0.000000
3169.562500  0.000000 0.000000  0.000000 0.000000  0.000000 0.000000  0.000000 0.000000 0.000000 0.000000
3174.175000  0.000000 0.000000  0.000000 0.000000  0.000000 0.000000  0.000000 0.000000 0.000000 0.000000
3178.787500  0.000000 0.000000  0.000000 0.000000  0.000000 0.000000  0.000000 0.000000 0.000000 0.000000
3183.400000  0.000000 0.000000  0.000000 0.000000  0.000000 0.000000  0.000000 0.000000 0.000000 0.000000
3188.012500  0.000000 0.000000  0.000000 0.000000  0.000000 0.000000  0.000000 0.000000 0.000000 0.000000
3192.625000  0.000000 0.000000  0.000000 0.000000  0.000000 0.000000  0.000000 0.000000 0.000000 0.000000
3197.237500  0.000000 0.000000  0.000000 0.000000  0.000000 0.000000  0.000000 0.000000 0.000000 0.000000
3201.850000  0.000000 0.000000  0.000000 0.000000  0.000000 0.000000  0.000000 0.000000 0.000000 0.000000
3206.462500  0.000000 0.000000  0.000000 0.000000  0.000000 0.000000  0.000000 0.000000 0.000000 0.000000
3211.075000  0.000000 0.000000  0.000000 0.000000  0.000000 0.000000  0.000000 0.000000 0.000000 0.000000
3215.687500  0.000000 0.000000  0.000000 0.000000  0.000000 0.000000  0.000000 0.000000 0.000000 0.000000
3220.300000  0.000000 0.000000  0.000000 0.000000  0.000000 0.000000  0.000000 0.000000 0.000000 0.000000
3224.912500  0.000000 0.000000  0.000000 0.000000  0.000000 0.000000  0.000000 0.000000 0.000000 0.000000
3229.525000  0.000000 0.000000  0.000000 0.000000  0.000000 0.000000  0.000000 0.000000 0.000000 0.000000
3234.137500  0.000000 0.000000  0.000000 0.000000  0.000000 0.000000  0.000000 0.000000 0.000000 0.000000
3238.750000  0.000000 0.000000  0.000000 0.000000  0.000000 0.000000  0.000000 0.000000 0.000000 0.000000
3243.362500  0.000000 0.000000  0.000000 0.000000  0.000000 0.000000  0.000000 0.000000 0.000000 0.000000
3247.975000  0.000000 0.000000  0.000000 0.000000  0.000000 0.000000  0.000000 0.000000 0.000000 0.000000
3252.587500  0.000000 0.000000  0.000000 0.000000  0.000000 0.000000  0.000000 0.000000 0.000000 0.000000
3257.200000  0.000000 0.000000  0.000000 0.000000  0.000000 0.000000  0.000000 0.000000 0.000000 0.000000
3261.812500  0.000000 0.000000  0.000000 0.000000  0.000000 0.000000  0.000000 0.000000 0.000000 0.000000
3266.425000  0.000000 0.000000  0.000000 0.000000  0.000000 0.000000  0.000000 0.000000 0.000000 0.000000
3271.037500  0.000000 0.000000  0.000000 0.000000  0.000000 0.000000  0.000000 0.000000 0.000000 0.000000
3275.650000  0.000000 0.000000  0.000000 0.000000  0.000000 0.000000  0.000000 0.000000 0.000000 0.000000
3280.262500  0.000000 0.000000  0.000000 0.000000  0.000000 0.000000  0.000000 0.000000 0.000000 0.000000
3284.875000  0.000000 0.000000  0.000000 0.000000  0.000000 0.000000  0.000000 0.000000 0.000000 0.000000
3289.487500  0.000000 0.000000  0.000000 0.000000  0.000000 0.000000  0.000000 0.000000 0.000000 0.000000
3294.100000  0.000000 0.000000  0.000000 0.000000  0.000000 0.000000  0.000000 0.000000 0.000000 0.000000
3298.712500  0.000000 0.000000  0.000000 0.000000  0.000000 0.000000  0.000000 0.000000 0.000000 0.000000
3303.325000  0.000000 0.000000  0.000000 0.000000  0.000000 0.000000  0.000000 0.000000 0.000000 0.000000
3307.937500  0.000000 0.000000  0.000000 0.000000  0.000000 0.000000  0.000000 0.000000 0.000000 0.000000
3312.550000  0.000000 0.000000  0.000000 0.000000  0.000000 0.000000  0.000000 0.000000 0.000000 0.000000
3317.162500  0.000000 0.000000  0.000000 0.000000  0.000000 0.000000  0.000000 0.000000 0.000000 0.000000
3321.775000  0.000000 0.000000  0.000000 0.000000  0.000000 0.000000  0.000000 0.000000 0.000000 0.000000
3326.387500  0.000000 0.000000  0.000000 0.000000  0.000000 0.000000  0.000000 0.000000 0.000000 0.000000
3331.000000  0.000000 0.000000  0.000000 0.000000  0.000000 0.000000  0.000000 0.000000 0.000000 0.000000
3335.612500  0.000000 0.000000  0.000000 0.000000  0.000000 0.000000  0.000000 0.000000 0.000000 0.000000
3340.225000  0.000000 0.000000  0.000000 0.000000  0.000000 0.000000  0.000000 0.000000 0.000000 0.000000
3344.837500  0.000000 0.000000  0.000000 0.000000  0.000000 0.000000  0.000000 0.000000 0.000000 0.000000
3349.450000  0.000000 0.000000  0.000000 0.000000  0.000000 0.000000  0.000000 0.000000 0.000000 0.000000
3354.062500  0.000000 0.000000  0.000000 0.000000  0.000000 0.000000  0.000000 0.000000 0.000000 0.000000
3358.675000  0.000000 0.000000  0.000000 0.000000  0.000000 0.000000  0.000000 0.000000 0.000000 0.000000
3363.287500  0.000000 0.000000  0.000000 0.000000  0.000000 0.000000  0.000000 0.000000 0.000000 0.000000
3367.900000  0.000000 0.000000  0.000000 0.000000  0.000000 0.000000  0.000000 0.000000 0.000000 0.000000
3372.512500  0.000000 0.000000  0.000000 0.000000  0.000000 0.000000  0.000000 0.000000 0.000000 0.000000
3377.125000  0.000000 0.000000  0.000000 0.000000  0.000000 0.000000  0.000000 0.000000 0.000000 0.000000
3381.737500  0.000000 0.000000  0.000000 0.000000  0.000000 0.000000  0.000000 0.000000 0.000000 0.000000
3386.350000  0.000000 0.000000  0.000000 0.000000  0.000000 0.000000  0.000000 0.000000 0.000000 0.000000
3390.962500  0.000000 0.000000  0.000000 0.000000  0.000000 0.000000  0.000000 0.000000 0.000000 0.000000
3395.575000  0.000000 0.000000  0.000000 0.000000  0.000000 0.000000  0.000000 0.000000 0.000000 0.000000
3400.187500  0.000000 0.000000  0.000000 0.000000  0.000000 0.000000  0.000000 0.000000 0.000000 0.000000
3404.800000  0.000000 0.000000  0.000000 0.000000  0.000000 0.000000  0.000000 0.000000 0.000000 0.000000
3409.412500  0.000000 0.000000  0.000000 0.000000  0.000000 0.000000  0.000000 0.000000 0.000000 0.000000
3414.025000  0.000000 0.000000  0.000000 0.000000  0.000000 0.000000  0.000000 0.000000 0.000000 0.000000
3418.637500  0.000000 0.000000  0.000000 0.000000  0.000000 0.000000  0.000000 0.000000 0.000000 0.000000
3423.250000  0.000000 0.000000  0.000000 0.000000  0.000000 0.000000  0.000000 0.000000 0.000000 0.000000
3427.862500  0.000000 0.000000  0.000000 0.000000  0.000000 0.000000  0.000000 0.000000 0.000000 0.000000
3432.475000  0.000000 0.000000  0.000000 0.000000  0.000000 0.000000  0.000000 0.000000 0.000000 0.000000
3437.087500  0.000000 0.000000  0.000000 0.000000  0.000000 0.000000  0.000000 0.000000 0.000000 0.000000
3441.700000  0.000000 0.000000  0.000000 0.000000  0.000000 0.000000  0.000000 0.000000 0.000000 0.000000
3446.312500  0.000000 0.000000  0.000000 0.000000  0.000000 0.000000  0.000000 0.000000 0.000000 0.000000
3450.925000  0.000000 0.000000  0.000000 0.000000  0.000000 0.000000  0.000000 0.000000 0.000000 0.000000
3455.537500  0.000000 0.000000  0.000000 0.000000  0.000000 0.000000  0.000000 0.000000 0.000000 0.000000
3460.150000  0.000000 0.000000  0.000000 0.000000  0.000000 0.000000  0.000000 0.000000 0.000000 0.000000
3464.762500  0.000000 0.000000  0.000000 0.000000  0.000000 0.000000  0.000000 0.000000 0.000000 0.000000
3469.375000  0.000000 0.000000  0.000000 0.000000  0.000000 0.000000  0.000000 0.000000 0.000000 0.000000
3473.987500  0.000000 0.000000  0.000000 0.000000  0.000000 0.000000  0.000000 0.000000 0.000000 0.000000
3478.600000  0.000000 0.000000  0.000000 0.000000  0.000000 0.000000  0.000000 0.000000 0.000000 0.000000
3483.212500  0.000000 0.000000  0.000000 0.000000  0.000000 0.000000  0.000000 0.000000 0.000000 0.000000
3487.825000  0.000000 0.000000  0.000000 0.000000  0.000000 0.000000  0.000000 0.000000 0.000000 0.000000
3492.437500  0.000000 0.000000  0.000000 0.000000  0.000000 0.000000  0.000000 0.000000 0.000000 0.000000
3497.050000  0.000000 0.000000  0.000000 0.000000  0.000000 0.000000  0.000000 0.000000 0.000000 0.000000
3501.662500  0.000000 0.000000  0.000000 0.000000  0.000000 0.000000  0.000000 0.000000 0.000000 0.000000
3506.275000  0.000000 0.000000  0.000000 0.000000  0.000000 0.000000  0.000000 0.000000 0.000000 0.000000
3510.887500  0.000000 0.000000  0.000000 0.000000  0.000000 0.000000  0.000000 0.000000 0.000000 0.000000
3515.500000  0.000000 0.000000  0.000000 0.000000  0.000000 0.000000  0.000000 0.000000 0.000000 0.000000
3520.112500  0.000000 0.000000  0.000000 0.000000  0.000000 0.000000  0.000000 0.000000 0.000000 0.000000
3524.725000  0.000000 0.000000  0.000000 0.000000  0.000000 0.000000  0.000000 0.000000 0.000000 0.000000
3529.337500  0.000000 0.000000  0.000000 0.000000  0.000000 0.000000  0.000000 0.000000 0.000000 0.000000
3533.950000  0.000000 0.000000  0.000000 0.000000  0.000000 0.000000  0.000000 0.000000 0.000000 0.000000
3538.562500  0.000000 0.000000  0.000000 0.000000  0.000000 0.000000  0.000000 0.000000 0.000000 0.000000
3543.175000  0.000000 0.000000  0.000000 0.000000  0.000000 0.000000  0.000000 0.000000 0.000000 0.000000
3547.787500  0.000000 0.000000  0.000000 0.000000  0.000000 0.000000  0.000000 0.000000 0.000000 0.000000
3552.400000  0.000000 0.000000  0.000000 0.000000  0.000000 0.000000  0.000000 0.000000 0.000000 0.000000
3557.012500  0.000000 0.000000  0.000000 0.000000  0.000000 0.000000  0.000000 0.000000 0.000000 0.000000
3561.625000  0.000000 0.000000  0.000000 0.000000  0.000000 0.000000  0.000000 0.000000 0.000000 0.000000
3566.237500  0.000000 0.000000  0.000000 0.000000  0.000000 0.000000  0.000000 0.000000 0.000000 0.000000
3570.850000  0.000000 0.000000  0.000000 0.000000  0.000000 0.000000  0.000000 0.000000 0.000000 0.000000
3575.462500  0.000000 0.000000  0.000000 0.000000  0.000000 0.000000  0.000000 0.000000 0.000000 0.000000
3580.075000  0.000000 0.000000  0.000000 0.000000  0.000000 0.000000  0.000000 0.000000 0.000000 0.000000
3584.687500  0.000000 0.000000  0.000000 0.000000  0.000000 0.000000  0.000000 0.000000 0.000000 0.000000
3589.300000  0.000000 0.000000  0.000000 0.000000  0.000000 0.000000  0.000000 0.000000 0.000000 0.000000
3593.912500  0.000000 0.000000  0.000000 0.000000  0.000000 0.000000  0.000000 0.000000 0.000000 0.000000
3598.525000  0.000000 0.000000  0.000000 0.000000  0.000000 0.000000  0.000000 0.000000 0.000000 0.000000
3603.137500  0.000000 0.000000  0.000000 0.000000  0.000000 0.000000  0.000000 0.000000 0.000000 0.000000
3607.750000  0.000000 0.000000  0.000000 0.000000  0.000000 0.000000  0.000000 0.000000 0.000000 0.000000
3612.362500  0.000000 0.000000  0.000000 0.000000  0.000000 0.000000  0.000000 0.000000 0.000000 0.000000
3616.975000  0.000000 0.000000  0.000000 0.000000  0.000000 0.000000  0.000000 0.000000 0.000000 0.000000
3621.587500  0.000000 0.000000  0.000000 0.000000  0.000000 0.000000  0.000000 0.000000 0.000000 0.000000
3626.200000  0.000000 0.000000  0.000000 0.000000  0.000000 0.000000  0.000000 0.000000 0.000000 0.000000
3630.812500  0.000000 0.000000  0.000000 0.000000  0.000000 0.000000  0.000000 0.000000 0.000000 0.000000
3635.425000  0.000000 0.000000  0.000000 0.000000  0.000000 0.000000  0.000000 0.000000 0.000000 0.000000
3640.037500  0.000000 0.000000  0.000000 0.000000  0.000000 0.000000  0.000000 0.000000 0.000000 0.000000
3644.650000  0.000000 0.000000  0.000000 0.000000  0.000000 0.000000  0.000000 0.000000 0.000000 0.000000
3649.262500  0.000000 0.000000  0.000000 0.000000  0.000000 0.000000  0.000000 0.000000 0.000000 0.000000
3653.875000  0.000000 0.000000  0.000000 0.000000  0.000000 0.000000  0.000000 0.000000 0.000000 0.000000
3658.487500  0.000000 0.000000  0.000000 0.000000  0.000000 0.000000  0.000000 0.000000 0.000000 0.000000
3663.100000  0.000000 0.000000  0.000000 0.000000  0.000000 0.000000  0.000000 0.000000 0.000000 0.000000
3667.712500  0.000000 0.000000  0.000000 0.000000  0.000000 0.000000  0.000000 0.000000 0.000000 0.000000
3672.325000  0.000000 0.000000  0.000000 0.000000  0.000000 0.000000  0.000000 0.000000 0.000000 0.000000
3676.937500  0.000000 0.000000  0.000000 0.000000  0.000000 0.000000  0.000000 0.000000 0.000000 0.000000
3681.550000  0.000000 0.000000  0.000000 0.000000  0.000000 0.000000  0.000000 0.000000 0.000000 0.000000
3686.162500  0.000000 0.000000  0.000000 0.000000  0.000000 0.000000  0.000000 0.000000 0.000000 0.000000
3690.775000  0.000000 0.000000  0.000000 0.000000  0.000000 0.000000  0.000000 0.000000 0.000000 0.000000
3695.387500  0.000000 0.000000  0.000000 0.000000  0.000000 0.000000  0.000000 0.000000 0.000000 0.000000
