0.0005 4.39377e-06 4.41067e-06 4.38425e-06 4.38638e-06 (count: 3.92e+07)
0.001 1.7573e-05 1.76407e-05 1.75349e-05 1.75435e-05 (count: 3.91998e+07)
0.0015 3.95318e-05 3.96839e-05 3.94459e-05 3.94655e-05 (count: 3.91997e+07)
0.002 7.02598e-05 7.05302e-05 7.0107e-05 7.01423e-05 (count: 3.91995e+07)
0.0025 0.000109743 0.000110165 0.000109504 0.00010956 (count: 3.91994e+07)
0.003 0.000157963 0.000158571 0.000157618 0.000157701 (count: 3.91992e+07)
0.0035 0.000214899 0.000215726 0.000214428 0.000214543 (count: 3.9199e+07)
0.004 0.000280523 0.000281602 0.000279906 0.000280061 (count: 3.91989e+07)
0.0045 0.000354806 0.000356171 0.000354022 0.000354225 (count: 3.91987e+07)
0.005 0.000437714 0.000439397 0.000436742 0.000437002 (count: 3.91986e+07)
0.0055 0.000529209 0.000531244 0.000528028 0.000528355 (count: 3.91984e+07)
0.006 0.000629249 0.000631668 0.000627838 0.000628242 (count: 3.91982e+07)
0.0065 0.000737789 0.000740625 0.000736125 0.000736618 (count: 3.91981e+07)
0.007 0.00085478 0.000858065 0.00085284 0.000853436 (count: 3.91979e+07)
0.0075 0.000980169 0.000983934 0.000977929 0.000978644 (count: 3.91978e+07)
0.008 0.0011139 0.00111818 0.00111134 0.00111218 (count: 3.91976e+07)
0.0085 0.00125591 0.00126073 0.001253 0.001254 (count: 3.91974e+07)
0.009 0.00140614 0.00141153 0.00140285 0.00140403 (count: 3.91973e+07)
0.0095 0.00156452 0.00157052 0.00156083 0.0015622 (count: 3.91971e+07)
0.01 0.00173098 0.00173761 0.00172686 0.00172845 (count: 3.9197e+07)
0.0105 0.00190544 0.00191274 0.00190087 0.0019027 (count: 3.91968e+07)
0.011 0.00208783 0.00209583 0.00208278 0.00208488 (count: 3.91966e+07)
0.0115 0.00227807 0.0022868 0.00227251 0.00227491 (count: 3.91965e+07)
0.012 0.00247608 0.00248556 0.00246997 0.00247271 (count: 3.91963e+07)
0.0125 0.00268175 0.00269199 0.00267507 0.00267818 (count: 1.56784e+06)
0.025 0.0100146 0.0100523 0.00998009 0.0100113 (count: 1.56768e+06)
0.0375 0.0202462 0.0203228 0.0201449 0.0202707 (count: 1.56752e+06)
0.05 0.0314185 0.0315434 0.0311952 0.031517 (count: 1.56736e+06)
0.0625 0.0420923 0.0422804 0.0416851 0.0423113 (count: 1.5672e+06)
0.075 0.0516674 0.0519462 0.0510194 0.0520366 (count: 1.56704e+06)
0.0875 0.0603051 0.0607158 0.0593699 0.0608297 (count: 1.56688e+06)
0.1 0.0685962 0.0691876 0.0673387 0.0692624 (count: 1.56672e+06)
0.1125 0.0771577 0.0779724 0.0755539 0.0779467 (count: 1.56656e+06)
0.125 0.0863226 0.0873813 0.084363 0.0872235 (count: 1.5664e+06)
0.1375 0.0960342 0.0973243 0.0937305 0.0970478 (count: 1.56624e+06)
0.15 0.105958 0.107434 0.103348 0.107091 (count: 1.56608e+06)
0.1625 0.115722 0.11732 0.112866 0.11698 (count: 1.56592e+06)
0.175 0.125139 0.126792 0.122101 0.126526 (count: 1.56576e+06)
0.1875 0.134283 0.13594 0.131106 0.135804 (count: 1.5656e+06)
0.2 0.143393 0.145028 0.140085 0.145066 (count: 1.56544e+06)
0.2125 0.152682 0.154291 0.149225 0.15453 (count: 1.56528e+06)
0.225 0.162181 0.163771 0.15855 0.164222 (count: 1.56512e+06)
0.2375 0.171704 0.17328 0.167894 0.173937 (count: 1.56496e+06)
0.25 0.180928 0.182493 0.176966 0.183327 (count: 1.5648e+06)
0.2625 0.189546 0.191094 0.185483 0.192062 (count: 1.56464e+06)
0.275 0.197384 0.198908 0.193279 0.199966 (count: 1.56448e+06)
0.2875 0.204463 0.205955 0.20036 0.207073 (count: 1.56432e+06)
0.3 0.210972 0.212428 0.206886 0.2136 (count: 1.56416e+06)
0.3125 0.216414 0.216926 0.212089 0.220228 (count: 62560)
0.625 0.335905 0.338561 0.329487 0.339668 (count: 62400)
0.9375 0.410996 0.416142 0.401323 0.415524 (count: 62240)
1.25 0.480784 0.48554 0.471442 0.485371 (count: 62080)
1.5625 0.541866 0.547691 0.531492 0.546416 (count: 61920)
1.875 0.597299 0.603947 0.586477 0.601474 (count: 61760)
2.1875 0.651651 0.655347 0.643548 0.656059 (count: 61600)
2.5 0.701566 0.704152 0.694444 0.706101 (count: 61440)
2.8125 0.750408 0.749173 0.747169 0.754882 (count: 61280)
3.125 0.796734 0.794615 0.798203 0.797384 (count: 61120)
3.4375 0.839271 0.838511 0.841868 0.837434 (count: 60960)
3.75 0.878641 0.877887 0.885321 0.872715 (count: 60800)
4.0625 0.91773 0.916539 0.926932 0.909719 (count: 60640)
4.375 0.952323 0.951972 0.964288 0.940708 (count: 60480)
4.6875 0.989449 0.989739 1.00118 0.97743 (count: 60320)
5 1.02543 1.02799 1.03924 1.00904 (count: 60160)
5.3125 1.06079 1.06654 1.07605 1.0398 (count: 60000)
5.625 1.09606 1.10384 1.11309 1.07124 (count: 59840)
5.9375 1.12879 1.13812 1.15103 1.09721 (count: 59680)
6.25 1.15968 1.17254 1.18328 1.12321 (count: 59520)
6.5625 1.19066 1.20514 1.21669 1.15013 (count: 59360)
6.875 1.22251 1.23992 1.25091 1.1767 (count: 59200)
7.1875 1.25573 1.27456 1.28552 1.2071 (count: 59040)
7.5 1.29012 1.30843 1.32186 1.24007 (count: 58880)
7.8125 1.35051 1.34231 1.42576 1.28347 (count: 2240)
15.625 2.0347 2.04452 2.11102 1.94855 (count: 2080)
23.4375 2.61258 2.62657 2.70403 2.50713 (count: 1920)
31.25 2.95346 3.03259 2.8233 3.00449 (count: 1760)
39.0625 3.15196 3.19469 2.97588 3.28532 (count: 1600)
46.875 3.30735 3.43103 3.09579 3.39523 (count: 1440)
54.6875 3.57946 3.64141 3.34945 3.74751 (count: 1280)
62.5 3.88658 3.97038 3.7547 3.93465 (count: 1120)
70.3125 4.07583 4.10751 4.10817 4.0118 (count: 960)
78.125 4.02246 4.17815 4.14062 3.74859 (count: 800)
85.9375 3.95141 4.22672 3.88411 3.7434 (count: 640)
93.75 4.02137 4.31198 3.82869 3.92345 (count: 480)
101.562 3.94373 3.99594 3.83122 4.00401 (count: 320)
109.375 3.76974 4.53365 3.12458 3.65098 (count: 160)
