0 0.020000 0.000000
1 0.060000 0.000000
2 0.100000 0.000000
3 0.140000 0.000000
4 0.180000 0.000000
5 0.220000 0.000000
6 0.260000 0.000000
7 0.300000 0.000000
8 0.340000 0.000000
9 0.380000 0.000000
10 0.420000 0.000000
11 0.460000 0.000000
12 0.500000 0.000000
13 0.540000 0.000000
14 0.580000 0.000000
15 0.620000 0.000000
16 0.660000 0.000000
17 0.700000 0.000000
18 0.740000 0.000000
19 0.780000 0.000000
20 0.820000 0.000000
21 0.860000 0.000000
22 0.900000 0.000000
23 0.940000 0.000000
24 0.980000 0.000000
25 1.020000 0.000000
26 1.060000 0.000000
27 1.100000 0.000000
28 1.140000 0.000000
29 1.180000 0.000000
30 1.220000 0.000000
31 1.260000 0.000000
32 1.300000 0.000000
33 1.340000 0.000000
34 1.380000 0.000000
35 1.420000 0.000000
36 1.460000 0.000000
37 1.500000 0.000000
38 1.540000 0.000000
39 1.580000 0.000000
40 1.620000 0.000000
41 1.660000 0.000000
42 1.700000 0.000000
43 1.740000 0.000000
44 1.780000 0.000000
45 1.820000 0.000000
46 1.860000 0.000000
47 1.900000 0.000000
48 1.940000 0.000000
49 1.980000 0.000000
50 2.020000 0.000000
51 2.060000 0.000000
52 2.100000 0.000000
53 2.140000 0.000000
54 2.180000 0.000000
55 2.220000 0.000000
56 2.260000 0.000000
57 2.300000 0.000000
58 2.340000 0.000000
59 2.380000 0.000000
60 2.420000 0.000000
61 2.460000 0.000000
62 2.500000 0.000000
63 2.540000 0.000000
64 2.580000 0.000000
65 2.620000 0.000000
66 2.660000 0.000000
67 2.700000 0.000000
68 2.740000 0.000000
69 2.780000 0.000000
70 2.820000 0.000000
71 2.860000 0.000000
72 2.900000 0.000000
73 2.940000 0.000000
74 2.980000 0.000000
75 3.020000 0.000000
76 3.060000 0.000000
77 3.100000 0.000019
78 3.140000 0.000145
79 3.180000 0.000557
80 3.220000 0.001859
81 3.260000 0.005703
82 3.300000 0.014852
83 3.340000 0.032629
84 3.380000 0.063582
85 3.420000 0.112686
86 3.460000 0.178947
87 3.500000 0.261151
88 3.540000 0.358071
89 3.580000 0.471105
90 3.620000 0.591158
91 3.660000 0.713723
92 3.700000 0.830850
93 3.740000 0.948993
94 3.780000 1.053422
95 3.820000 1.141924
96 3.860000 1.219611
97 3.900000 1.283081
98 3.940000 1.342190
99 3.980000 1.385111
100 4.020000 1.417935
101 4.060000 1.441435
102 4.100000 1.462358
103 4.140000 1.474950
104 4.180000 1.482847
105 4.220000 1.480575
106 4.260000 1.479981
107 4.300000 1.478632
108 4.340000 1.470650
109 4.380000 1.453761
110 4.420000 1.448782
111 4.460000 1.436467
112 4.500000 1.424062
113 4.540000 1.418936
114 4.580000 1.403490
115 4.620000 1.391483
116 4.660000 1.382899
117 4.700000 1.377642
118 4.740000 1.365457
119 4.780000 1.355036
120 4.820000 1.344008
121 4.860000 1.334825
122 4.900000 1.321284
123 4.940000 1.312644
124 4.980000 1.302927
125 5.020000 1.296634
126 5.060000 1.287017
127 5.100000 1.273367
128 5.140000 1.262629
129 5.180000 1.246834
130 5.220000 1.236320
131 5.260000 1.223419
132 5.300000 1.211255
133 5.340000 1.197070
134 5.380000 1.181251
135 5.420000 1.161331
136 5.460000 1.147250
137 5.500000 1.129863
138 5.540000 1.118579
139 5.580000 1.106963
140 5.620000 1.092649
141 5.660000 1.076810
142 5.700000 1.061967
143 5.740000 1.049454
144 5.780000 1.035415
145 5.820000 1.025074
146 5.860000 1.013317
147 5.900000 1.003612
148 5.940000 0.987304
149 5.980000 0.982231
150 6.020000 0.976545
151 6.060000 0.968396
152 6.100000 0.959846
153 6.140000 0.952529
154 6.180000 0.948026
155 6.220000 0.944261
156 6.260000 0.937873
157 6.300000 0.935287
158 6.340000 0.929256
159 6.380000 0.923730
160 6.420000 0.919971
161 6.460000 0.914703
162 6.500000 0.913147
163 6.540000 0.910037
164 6.580000 0.908554
165 6.620000 0.909626
166 6.660000 0.909926
167 6.700000 0.907130
168 6.740000 0.909137
169 6.780000 0.907772
170 6.820000 0.909863
171 6.860000 0.911136
172 6.900000 0.913620
173 6.940000 0.913190
174 6.980000 0.915481
175 7.020000 0.918908
176 7.060000 0.922113
177 7.100000 0.923314
178 7.140000 0.927152
179 7.180000 0.931527
180 7.220000 0.934969
181 7.260000 0.938124
182 7.300000 0.942210
183 7.340000 0.948219
184 7.380000 0.953053
185 7.420000 0.955290
186 7.460000 0.959531
187 7.500000 0.966871
188 7.540000 0.973995
189 7.580000 0.976890
190 7.620000 0.981029
191 7.660000 0.986863
192 7.700000 0.991885
193 7.740000 0.995774
194 7.780000 1.002138
195 7.820000 1.003744
196 7.860000 1.004954
197 7.900000 1.008657
198 7.940000 1.013833
199 7.980000 1.017202
200 8.020000 1.017371
201 8.060000 1.020289
202 8.100000 1.022786
203 8.140000 1.027164
204 8.180000 1.028663
205 8.220000 1.030564
206 8.260000 1.031072
207 8.300000 1.033089
208 8.340000 1.034835
209 8.380000 1.036996
210 8.420000 1.038618
211 8.460000 1.040843
212 8.500000 1.041709
213 8.540000 1.040821
214 8.580000 1.041230
215 8.620000 1.042086
216 8.660000 1.043030
217 8.700000 1.044595
218 8.740000 1.044465
219 8.780000 1.043318
220 8.820000 1.044070
221 8.860000 1.043218
222 8.900000 1.044588
223 8.940000 1.043873
224 8.980000 1.042110
225 9.020000 1.038224
226 9.060000 1.036885
227 9.100000 1.037673
228 9.140000 1.036327
229 9.180000 1.032744
230 9.220000 1.032973
231 9.260000 1.033625
232 9.300000 1.032763
233 9.340000 1.030008
234 9.380000 1.025630
235 9.420000 1.025745
236 9.460000 1.024979
237 9.500000 1.021621
238 9.540000 1.020951
239 9.580000 1.019391
240 9.620000 1.016969
241 9.660000 1.016997
242 9.700000 1.017924
243 9.740000 1.017732
244 9.780000 1.014245
245 9.820000 1.012755
246 9.860000 1.011170
247 9.900000 1.010916
248 9.940000 1.006618
249 9.980000 1.004611
250 10.020000 1.002686
251 10.060000 1.001448
252 10.100000 1.000156
253 10.140000 1.003231
254 10.180000 0.999337
255 10.220000 0.999525
256 10.260000 0.997289
257 10.300000 0.999277
258 10.340000 0.998384
259 10.380000 0.997525
260 10.420000 0.996537
261 10.460000 0.994837
262 10.500000 0.995824
263 10.540000 0.993760
264 10.580000 0.995346
265 10.620000 0.993578
266 10.660000 0.993901
267 10.700000 0.993989
268 10.740000 0.995479
269 10.780000 0.993708
270 10.820000 0.992971
271 10.860000 0.994167
272 10.900000 0.994525
273 10.940000 0.995609
274 10.980000 0.994649
275 11.020000 0.994723
276 11.060000 0.994131
277 11.100000 0.994260
278 11.140000 0.996085
279 11.180000 0.996332
280 11.220000 0.996826
281 11.260000 0.996456
282 11.300000 0.997822
283 11.340000 0.998978
284 11.380000 0.998490
285 11.420000 0.997804
286 11.460000 1.000536
287 11.500000 0.999884
288 11.540000 0.997763
289 11.580000 1.000697
290 11.620000 1.000978
291 11.660000 0.999748
292 11.700000 1.003426
293 11.740000 1.004507
294 11.780000 1.005568
295 11.820000 1.004336
296 11.860000 1.005498
297 11.900000 1.005754
298 11.940000 1.005712
299 11.980000 1.005436
