0 0.012000 0.000000
1 0.036000 0.000000
2 0.060000 0.000000
3 0.084000 0.000000
4 0.108000 0.000000
5 0.132000 0.000000
6 0.156000 0.000000
7 0.180000 0.000000
8 0.204000 0.000000
9 0.228000 0.000000
10 0.252000 0.000000
11 0.276000 0.000000
12 0.300000 0.000000
13 0.324000 0.000000
14 0.348000 0.000000
15 0.372000 0.000000
16 0.396000 0.000000
17 0.420000 0.000000
18 0.444000 0.000000
19 0.468000 0.000000
20 0.492000 0.000000
21 0.516000 0.000000
22 0.540000 0.000000
23 0.564000 0.000000
24 0.588000 0.000000
25 0.612000 0.000000
26 0.636000 0.000000
27 0.660000 0.000000
28 0.684000 0.000000
29 0.708000 0.000000
30 0.732000 0.000000
31 0.756000 0.000000
32 0.780000 0.000000
33 0.804000 0.000000
34 0.828000 0.000000
35 0.852000 0.000000
36 0.876000 0.000000
37 0.900000 0.000000
38 0.924000 0.000000
39 0.948000 0.000000
40 0.972000 0.000000
41 0.996000 0.000000
42 1.020000 0.000000
43 1.044000 0.000000
44 1.068000 0.000000
45 1.092000 0.000000
46 1.116000 0.000000
47 1.140000 0.000000
48 1.164000 0.000000
49 1.188000 0.000000
50 1.212000 0.000000
51 1.236000 0.000000
52 1.260000 0.000000
53 1.284000 0.000000
54 1.308000 0.000000
55 1.332000 0.000000
56 1.356000 0.000000
57 1.380000 0.000015
58 1.404000 0.000031
59 1.428000 0.000059
60 1.452000 0.000695
61 1.476000 0.003399
62 1.500000 0.011533
63 1.524000 0.030088
64 1.548000 0.070361
65 1.572000 0.138151
66 1.596000 0.241771
67 1.620000 0.374421
68 1.644000 0.541812
69 1.668000 0.721563
70 1.692000 0.892703
71 1.716000 1.050460
72 1.740000 1.179717
73 1.764000 1.269416
74 1.788000 1.317380
75 1.812000 1.322843
76 1.836000 1.303877
77 1.860000 1.250628
78 1.884000 1.183719
79 1.908000 1.112338
80 1.932000 1.030576
81 1.956000 0.948171
82 1.980000 0.864520
83 2.004000 0.788019
84 2.028000 0.718311
85 2.052000 0.652558
86 2.076000 0.590886
87 2.100000 0.533019
88 2.124000 0.487104
89 2.148000 0.444667
90 2.172000 0.410174
91 2.196000 0.375399
92 2.220000 0.346772
93 2.244000 0.324250
94 2.268000 0.307803
95 2.292000 0.289238
96 2.316000 0.275262
97 2.340000 0.262496
98 2.364000 0.256058
99 2.388000 0.249526
100 2.412000 0.246288
101 2.436000 0.247304
102 2.460000 0.245392
103 2.484000 0.246260
104 2.508000 0.252839
105 2.532000 0.262695
106 2.556000 0.274409
107 2.580000 0.288963
108 2.604000 0.304538
109 2.628000 0.325060
110 2.652000 0.346706
111 2.676000 0.374097
112 2.700000 0.407069
113 2.724000 0.446531
114 2.748000 0.491932
115 2.772000 0.542203
116 2.796000 0.599825
117 2.820000 0.659659
118 2.844000 0.730675
119 2.868000 0.802114
120 2.892000 0.880231
121 2.916000 0.961085
122 2.940000 1.039945
123 2.964000 1.120608
124 2.988000 1.192623
125 3.012000 1.267632
126 3.036000 1.337286
127 3.060000 1.397413
128 3.084000 1.446314
129 3.108000 1.488401
130 3.132000 1.518730
131 3.156000 1.536950
132 3.180000 1.547784
133 3.204000 1.550558
134 3.228000 1.547559
135 3.252000 1.535997
136 3.276000 1.513252
137 3.300000 1.483008
138 3.324000 1.455795
139 3.348000 1.425467
140 3.372000 1.391573
141 3.396000 1.357355
142 3.420000 1.326855
143 3.444000 1.293432
144 3.468000 1.261001
145 3.492000 1.230485
146 3.516000 1.205128
147 3.540000 1.180097
148 3.564000 1.155260
149 3.588000 1.136954
150 3.612000 1.120214
151 3.636000 1.105241
152 3.660000 1.087267
153 3.684000 1.074712
154 3.708000 1.063443
155 3.732000 1.056203
156 3.756000 1.047501
157 3.780000 1.043010
158 3.804000 1.037143
159 3.828000 1.032678
160 3.852000 1.026320
161 3.876000 1.021720
162 3.900000 1.017703
163 3.924000 1.011727
164 3.948000 1.011588
165 3.972000 1.010121
166 3.996000 1.004928
167 4.020000 1.002797
168 4.044000 0.999597
169 4.068000 0.999023
170 4.092000 0.997388
171 4.116000 0.995539
172 4.140000 0.992593
173 4.164000 0.991202
174 4.188000 0.989287
175 4.212000 0.986409
176 4.236000 0.984813
177 4.260000 0.982740
178 4.284000 0.981520
179 4.308000 0.982016
180 4.332000 0.981890
181 4.356000 0.979732
182 4.380000 0.977247
183 4.404000 0.978179
184 4.428000 0.976340
185 4.452000 0.975709
186 4.476000 0.974707
187 4.500000 0.975257
188 4.524000 0.975749
189 4.548000 0.975759
190 4.572000 0.973978
191 4.596000 0.973460
192 4.620000 0.974710
193 4.644000 0.975588
194 4.668000 0.978115
195 4.692000 0.979301
196 4.716000 0.978929
197 4.740000 0.978073
198 4.764000 0.979607
199 4.788000 0.980746
200 4.812000 0.981861
201 4.836000 0.982236
202 4.860000 0.984182
203 4.884000 0.984640
204 4.908000 0.986959
205 4.932000 0.988234
206 4.956000 0.989785
207 4.980000 0.991534
208 5.004000 0.993658
209 5.028000 0.994956
210 5.052000 0.996225
211 5.076000 0.995269
212 5.100000 0.997467
213 5.124000 0.999485
214 5.148000 0.999385
215 5.172000 1.001325
216 5.196000 1.001645
217 5.220000 1.001496
218 5.244000 0.999939
219 5.268000 0.999520
220 5.292000 0.999691
221 5.316000 0.998153
222 5.340000 1.001227
223 5.364000 1.001481
224 5.388000 1.002288
225 5.412000 0.999613
226 5.436000 0.998176
227 5.460000 0.997249
228 5.484000 0.996582
229 5.508000 0.994152
230 5.532000 0.991817
231 5.556000 0.992961
232 5.580000 0.992412
233 5.604000 0.991499
234 5.628000 0.989765
235 5.652000 0.987247
236 5.676000 0.985440
237 5.700000 0.985015
238 5.724000 0.983985
239 5.748000 0.981158
240 5.772000 0.981170
241 5.796000 0.979963
242 5.820000 0.978198
243 5.844000 0.977928
244 5.868000 0.977256
245 5.892000 0.977363
246 5.916000 0.977287
247 5.940000 0.976680
248 5.964000 0.974184
249 5.988000 0.973886
250 6.012000 0.972838
251 6.036000 0.973196
252 6.060000 0.973691
253 6.084000 0.975394
254 6.108000 0.973225
255 6.132000 0.975308
256 6.156000 0.974744
257 6.180000 0.975121
258 6.204000 0.976435
259 6.228000 0.977124
260 6.252000 0.978748
261 6.276000 0.979751
262 6.300000 0.980822
263 6.324000 0.982252
264 6.348000 0.983241
265 6.372000 0.983971
266 6.396000 0.984777
267 6.420000 0.987974
268 6.444000 0.988087
269 6.468000 0.990622
270 6.492000 0.990924
271 6.516000 0.991308
272 6.540000 0.995044
273 6.564000 0.994201
274 6.588000 0.996862
275 6.612000 0.998155
276 6.636000 0.998846
277 6.660000 1.002313
278 6.684000 1.003131
279 6.708000 1.004650
280 6.732000 1.005587
281 6.756000 1.007402
282 6.780000 1.008321
283 6.804000 1.009770
284 6.828000 1.010488
285 6.852000 1.011783
286 6.876000 1.012831
287 6.900000 1.014290
288 6.924000 1.014405
289 6.948000 1.014851
290 6.972000 1.016632
291 6.996000 1.017861
292 7.020000 1.018029
293 7.044000 1.019533
294 7.068000 1.020557
295 7.092000 1.021334
296 7.116000 1.021994
297 7.140000 1.020610
298 7.164000 1.020261
299 7.188000 1.021709
300 7.212000 1.021240
301 7.236000 1.022744
302 7.260000 1.022365
303 7.284000 1.021209
304 7.308000 1.020238
305 7.332000 1.021900
306 7.356000 1.021331
307 7.380000 1.020865
308 7.404000 1.020236
309 7.428000 1.019233
310 7.452000 1.018483
311 7.476000 1.017167
312 7.500000 1.016770
313 7.524000 1.015592
314 7.548000 1.014794
315 7.572000 1.013904
316 7.596000 1.014206
317 7.620000 1.012731
318 7.644000 1.011524
319 7.668000 1.010805
320 7.692000 1.008626
321 7.716000 1.006939
322 7.740000 1.005978
323 7.764000 1.005700
324 7.788000 1.004431
325 7.812000 1.003092
326 7.836000 1.002691
327 7.860000 1.001377
328 7.884000 1.000688
329 7.908000 1.000441
330 7.932000 0.999475
331 7.956000 0.999307
332 7.980000 0.998163
333 8.004000 0.997208
334 8.028000 0.996406
335 8.052000 0.995113
336 8.076000 0.995228
337 8.100000 0.994122
338 8.124000 0.993999
339 8.148000 0.993489
340 8.172000 0.993410
341 8.196000 0.993734
342 8.220000 0.991401
343 8.244000 0.991412
344 8.268000 0.990037
345 8.292000 0.990571
346 8.316000 0.989195
347 8.340000 0.988430
348 8.364000 0.990104
349 8.388000 0.990019
350 8.412000 0.990895
351 8.436000 0.990567
352 8.460000 0.989774
353 8.484000 0.988246
354 8.508000 0.988716
355 8.532000 0.989324
356 8.556000 0.989738
357 8.580000 0.989115
358 8.604000 0.990215
359 8.628000 0.990858
360 8.652000 0.991215
361 8.676000 0.992954
362 8.700000 0.992103
363 8.724000 0.991890
364 8.748000 0.992450
365 8.772000 0.993058
366 8.796000 0.993886
367 8.820000 0.994111
368 8.844000 0.993580
369 8.868000 0.994336
370 8.892000 0.994859
371 8.916000 0.994883
372 8.940000 0.995544
373 8.964000 0.995915
374 8.988000 0.996628
375 9.012000 0.996357
376 9.036000 0.997444
377 9.060000 0.997551
378 9.084000 0.996678
379 9.108000 0.996759
380 9.132000 0.998875
381 9.156000 1.000293
382 9.180000 0.999553
383 9.204000 0.999989
384 9.228000 1.001180
385 9.252000 1.001939
386 9.276000 1.001096
387 9.300000 1.001894
388 9.324000 1.002621
389 9.348000 1.002629
390 9.372000 1.003414
391 9.396000 1.002424
392 9.420000 1.002559
393 9.444000 1.002689
394 9.468000 1.002829
395 9.492000 1.002364
396 9.516000 1.002063
397 9.540000 1.001697
398 9.564000 1.001495
399 9.588000 1.002090
400 9.612000 1.002154
401 9.636000 1.001478
402 9.660000 1.002544
403 9.684000 1.002755
404 9.708000 1.002434
405 9.732000 1.004051
406 9.756000 1.004486
407 9.780000 1.003953
408 9.804000 1.004335
409 9.828000 1.004389
410 9.852000 1.003198
411 9.876000 1.002958
412 9.900000 1.002785
413 9.924000 1.002816
414 9.948000 1.002295
415 9.972000 1.001489
416 9.996000 1.001917
417 10.020000 1.000773
418 10.044000 1.001507
419 10.068000 1.001727
420 10.092000 1.001163
421 10.116000 1.001722
422 10.140000 1.000989
423 10.164000 1.000497
424 10.188000 1.001451
425 10.212000 1.001443
426 10.236000 1.000884
427 10.260000 1.000197
428 10.284000 1.000848
429 10.308000 1.000508
430 10.332000 1.000082
431 10.356000 1.000033
432 10.380000 1.000307
433 10.404000 1.000182
434 10.428000 0.999836
435 10.452000 0.999584
436 10.476000 0.999721
437 10.500000 0.999594
438 10.524000 0.999860
439 10.548000 0.999234
440 10.572000 0.999419
441 10.596000 0.999268
442 10.620000 0.999018
443 10.644000 0.999399
444 10.668000 1.000289
445 10.692000 0.999741
446 10.716000 0.999280
447 10.740000 0.999233
448 10.764000 0.999490
449 10.788000 0.999179
450 10.812000 0.999636
451 10.836000 1.000029
452 10.860000 0.999677
453 10.884000 0.999420
454 10.908000 0.999650
455 10.932000 0.999796
456 10.956000 0.999477
457 10.980000 0.998877
458 11.004000 0.999208
459 11.028000 0.998808
460 11.052000 0.999251
461 11.076000 0.998984
462 11.100000 0.999914
463 11.124000 0.999117
464 11.148000 0.999120
465 11.172000 0.999675
466 11.196000 0.999841
467 11.220000 0.999785
468 11.244000 0.999674
469 11.268000 0.998716
470 11.292000 0.998992
471 11.316000 0.999011
472 11.340000 0.999588
473 11.364000 1.000143
474 11.388000 1.000572
475 11.412000 1.000543
476 11.436000 1.000831
477 11.460000 1.001546
478 11.484000 1.001736
479 11.508000 1.001292
480 11.532000 1.000900
481 11.556000 1.000320
482 11.580000 1.000988
483 11.604000 1.001533
484 11.628000 1.001076
485 11.652000 1.001718
486 11.676000 1.001101
487 11.700000 1.000175
488 11.724000 1.001237
489 11.748000 1.000686
490 11.772000 1.000266
491 11.796000 0.999982
492 11.820000 1.000122
493 11.844000 1.000365
494 11.868000 1.000645
495 11.892000 1.000917
496 11.916000 1.000295
497 11.940000 0.999400
498 11.964000 0.999996
499 11.988000 0.999921
