0 0.012000 0.000000
1 0.036000 0.000000
2 0.060000 0.000000
3 0.084000 0.000000
4 0.108000 0.000000
5 0.132000 0.000000
6 0.156000 0.000000
7 0.180000 0.000000
8 0.204000 0.000000
9 0.228000 0.000000
10 0.252000 0.000000
11 0.276000 0.000000
12 0.300000 0.000000
13 0.324000 0.000000
14 0.348000 0.000000
15 0.372000 0.000000
16 0.396000 0.000000
17 0.420000 0.000000
18 0.444000 0.000000
19 0.468000 0.000000
20 0.492000 0.000000
21 0.516000 0.000000
22 0.540000 0.000000
23 0.564000 0.000000
24 0.588000 0.000000
25 0.612000 0.000000
26 0.636000 0.000000
27 0.660000 0.000000
28 0.684000 0.000000
29 0.708000 0.000000
30 0.732000 0.000000
31 0.756000 0.000000
32 0.780000 0.000000
33 0.804000 0.000000
34 0.828000 0.000000
35 0.852000 0.000000
36 0.876000 0.000000
37 0.900000 0.000000
38 0.924000 0.000000
39 0.948000 0.000000
40 0.972000 0.000000
41 0.996000 0.000000
42 1.020000 0.000000
43 1.044000 0.000000
44 1.068000 0.000000
45 1.092000 0.000000
46 1.116000 0.000000
47 1.140000 0.000000
48 1.164000 0.000000
49 1.188000 0.000000
50 1.212000 0.000000
51 1.236000 0.000000
52 1.260000 0.000000
53 1.284000 0.000000
54 1.308000 0.000014
55 1.332000 0.000016
56 1.356000 0.000042
57 1.380000 0.000123
58 1.404000 0.000221
59 1.428000 0.000319
60 1.452000 0.000642
61 1.476000 0.000916
62 1.500000 0.001317
63 1.524000 0.001681
64 1.548000 0.002509
65 1.572000 0.003444
66 1.596000 0.004732
67 1.620000 0.007137
68 1.644000 0.009216
69 1.668000 0.011784
70 1.692000 0.015882
71 1.716000 0.021025
72 1.740000 0.027465
73 1.764000 0.034500
74 1.788000 0.044711
75 1.812000 0.056082
76 1.836000 0.070555
77 1.860000 0.088076
78 1.884000 0.109855
79 1.908000 0.134893
80 1.932000 0.169815
81 1.956000 0.210300
82 1.980000 0.261111
83 2.004000 0.320923
84 2.028000 0.388039
85 2.052000 0.470339
86 2.076000 0.559930
87 2.100000 0.661559
88 2.124000 0.770497
89 2.148000 0.880125
90 2.172000 0.990858
91 2.196000 1.096701
92 2.220000 1.196929
93 2.244000 1.286265
94 2.268000 1.357976
95 2.292000 1.411732
96 2.316000 1.449324
97 2.340000 1.469139
98 2.364000 1.475500
99 2.388000 1.467341
100 2.412000 1.444173
101 2.436000 1.407811
102 2.460000 1.371184
103 2.484000 1.321470
104 2.508000 1.269230
105 2.532000 1.220616
106 2.556000 1.167827
107 2.580000 1.118891
108 2.604000 1.072054
109 2.628000 1.028358
110 2.652000 0.991134
111 2.676000 0.949182
112 2.700000 0.912798
113 2.724000 0.884962
114 2.748000 0.859886
115 2.772000 0.839108
116 2.796000 0.821131
117 2.820000 0.805803
118 2.844000 0.791366
119 2.868000 0.782158
120 2.892000 0.779309
121 2.916000 0.776714
122 2.940000 0.778077
123 2.964000 0.779723
124 2.988000 0.780213
125 3.012000 0.786941
126 3.036000 0.792804
127 3.060000 0.803454
128 3.084000 0.813286
129 3.108000 0.824633
130 3.132000 0.836829
131 3.156000 0.848544
132 3.180000 0.860066
133 3.204000 0.875778
134 3.228000 0.890181
135 3.252000 0.906321
136 3.276000 0.919001
137 3.300000 0.935598
138 3.324000 0.951412
139 3.348000 0.970024
140 3.372000 0.990706
141 3.396000 1.005373
142 3.420000 1.022272
143 3.444000 1.041685
144 3.468000 1.059362
145 3.492000 1.078556
146 3.516000 1.093695
147 3.540000 1.110062
148 3.564000 1.121317
149 3.588000 1.133140
150 3.612000 1.141734
151 3.636000 1.146085
152 3.660000 1.151133
153 3.684000 1.153541
154 3.708000 1.152025
155 3.732000 1.147693
156 3.756000 1.141050
157 3.780000 1.132901
158 3.804000 1.122729
159 3.828000 1.113587
160 3.852000 1.103976
161 3.876000 1.093098
162 3.900000 1.082226
163 3.924000 1.071189
164 3.948000 1.062841
165 3.972000 1.055975
166 3.996000 1.047686
167 4.020000 1.039512
168 4.044000 1.034301
169 4.068000 1.029415
170 4.092000 1.025769
171 4.116000 1.023334
172 4.140000 1.021522
173 4.164000 1.018472
174 4.188000 1.016519
175 4.212000 1.016810
176 4.236000 1.016108
177 4.260000 1.018293
178 4.284000 1.021355
179 4.308000 1.021937
180 4.332000 1.022775
181 4.356000 1.025029
182 4.380000 1.027418
183 4.404000 1.029466
184 4.428000 1.030655
185 4.452000 1.031994
186 4.476000 1.031719
187 4.500000 1.034163
188 4.524000 1.035923
189 4.548000 1.034066
190 4.572000 1.036770
191 4.596000 1.035850
192 4.620000 1.034125
193 4.644000 1.032849
194 4.668000 1.030922
195 4.692000 1.031272
196 4.716000 1.027133
197 4.740000 1.026279
198 4.764000 1.023836
199 4.788000 1.021917
200 4.812000 1.018377
201 4.836000 1.016984
202 4.860000 1.014733
203 4.884000 1.009410
204 4.908000 1.008556
205 4.932000 1.005076
206 4.956000 1.001477
207 4.980000 1.000194
208 5.004000 0.997269
209 5.028000 0.993611
210 5.052000 0.991146
211 5.076000 0.989020
212 5.100000 0.985860
213 5.124000 0.984088
214 5.148000 0.981530
215 5.172000 0.979877
216 5.196000 0.978413
217 5.220000 0.977488
218 5.244000 0.976930
219 5.268000 0.974499
220 5.292000 0.973399
221 5.316000 0.971970
222 5.340000 0.971210
223 5.364000 0.971699
224 5.388000 0.972360
225 5.412000 0.971699
226 5.436000 0.972919
227 5.460000 0.972531
228 5.484000 0.974649
229 5.508000 0.974266
230 5.532000 0.975279
231 5.556000 0.977377
232 5.580000 0.977709
233 5.604000 0.977804
234 5.628000 0.980057
235 5.652000 0.980316
236 5.676000 0.981298
237 5.700000 0.981265
238 5.724000 0.982969
239 5.748000 0.984340
240 5.772000 0.985141
241 5.796000 0.984453
242 5.820000 0.985218
243 5.844000 0.985593
244 5.868000 0.987756
245 5.892000 0.988666
246 5.916000 0.988689
247 5.940000 0.989218
248 5.964000 0.989755
249 5.988000 0.989718
250 6.012000 0.990140
251 6.036000 0.988159
252 6.060000 0.989134
253 6.084000 0.988940
254 6.108000 0.989998
255 6.132000 0.990219
256 6.156000 0.990319
257 6.180000 0.991377
258 6.204000 0.991214
259 6.228000 0.992423
260 6.252000 0.991215
261 6.276000 0.990889
262 6.300000 0.991206
263 6.324000 0.992351
264 6.348000 0.990598
265 6.372000 0.992744
266 6.396000 0.994579
267 6.420000 0.993826
268 6.444000 0.995633
269 6.468000 0.995880
270 6.492000 0.995939
271 6.516000 0.997331
272 6.540000 0.997519
273 6.564000 0.998806
274 6.588000 0.998005
275 6.612000 0.999548
276 6.636000 1.001151
277 6.660000 1.002648
278 6.684000 1.002408
279 6.708000 1.003734
280 6.732000 1.004074
281 6.756000 1.005248
282 6.780000 1.004763
283 6.804000 1.004965
284 6.828000 1.006141
285 6.852000 1.006746
286 6.876000 1.007626
287 6.900000 1.008510
288 6.924000 1.008052
289 6.948000 1.008697
290 6.972000 1.008899
291 6.996000 1.009419
292 7.020000 1.009740
293 7.044000 1.008806
294 7.068000 1.009691
295 7.092000 1.009500
296 7.116000 1.009938
297 7.140000 1.010583
298 7.164000 1.011071
299 7.188000 1.010515
300 7.212000 1.011229
301 7.236000 1.010603
302 7.260000 1.010240
303 7.284000 1.010234
304 7.308000 1.010317
305 7.332000 1.010535
306 7.356000 1.009722
307 7.380000 1.010546
308 7.404000 1.011097
309 7.428000 1.010646
310 7.452000 1.010858
311 7.476000 1.009460
312 7.500000 1.009950
313 7.524000 1.010784
314 7.548000 1.010539
315 7.572000 1.010611
316 7.596000 1.010648
317 7.620000 1.010330
318 7.644000 1.009279
319 7.668000 1.009338
320 7.692000 1.008114
321 7.716000 1.006992
322 7.740000 1.006931
323 7.764000 1.008140
324 7.788000 1.007517
325 7.812000 1.006823
326 7.836000 1.006050
327 7.860000 1.005620
328 7.884000 1.005755
329 7.908000 1.005125
330 7.932000 1.005851
331 7.956000 1.005088
332 7.980000 1.004439
333 8.004000 1.004631
334 8.028000 1.004113
335 8.052000 1.003732
336 8.076000 1.002493
337 8.100000 1.002910
338 8.124000 1.002471
339 8.148000 1.001193
340 8.172000 1.000389
341 8.196000 1.001414
342 8.220000 1.000374
343 8.244000 0.999581
344 8.268000 0.999415
345 8.292000 0.998087
346 8.316000 0.999190
347 8.340000 0.997548
348 8.364000 0.996985
349 8.388000 0.996631
350 8.412000 0.997189
351 8.436000 0.996748
352 8.460000 0.996400
353 8.484000 0.997200
354 8.508000 0.996763
355 8.532000 0.996927
356 8.556000 0.995877
357 8.580000 0.995854
358 8.604000 0.995967
359 8.628000 0.995361
360 8.652000 0.994941
361 8.676000 0.995854
362 8.700000 0.994468
363 8.724000 0.993864
364 8.748000 0.994408
365 8.772000 0.995375
366 8.796000 0.995869
367 8.820000 0.995759
368 8.844000 0.995417
369 8.868000 0.995356
370 8.892000 0.995231
371 8.916000 0.996110
372 8.940000 0.996728
373 8.964000 0.996206
374 8.988000 0.996659
375 9.012000 0.996761
376 9.036000 0.996075
377 9.060000 0.996789
378 9.084000 0.996965
379 9.108000 0.996895
380 9.132000 0.997896
381 9.156000 0.997851
382 9.180000 0.998338
383 9.204000 0.998069
384 9.228000 0.997388
385 9.252000 0.998671
386 9.276000 0.999412
387 9.300000 1.000040
388 9.324000 0.999559
389 9.348000 1.000128
390 9.372000 1.000040
391 9.396000 1.000115
392 9.420000 1.001647
393 9.444000 1.001416
394 9.468000 1.000925
395 9.492000 1.001464
396 9.516000 1.000926
397 9.540000 1.001650
398 9.564000 1.001810
399 9.588000 1.001755
400 9.612000 1.001967
401 9.636000 1.002044
402 9.660000 1.001445
403 9.684000 1.001224
404 9.708000 1.001503
405 9.732000 1.000983
406 9.756000 1.000680
407 9.780000 1.000570
408 9.804000 1.001674
409 9.828000 1.001773
410 9.852000 1.002459
411 9.876000 1.001731
412 9.900000 1.002234
413 9.924000 1.002013
414 9.948000 1.002747
415 9.972000 1.002787
416 9.996000 1.003361
417 10.020000 1.002694
418 10.044000 1.001961
419 10.068000 1.002766
420 10.092000 1.002333
421 10.116000 1.002417
422 10.140000 1.003139
423 10.164000 1.003211
424 10.188000 1.004004
425 10.212000 1.002161
426 10.236000 1.002245
427 10.260000 1.002717
428 10.284000 1.002019
429 10.308000 1.001343
430 10.332000 1.000595
431 10.356000 1.001785
432 10.380000 1.002431
433 10.404000 1.002721
434 10.428000 1.002198
435 10.452000 1.001726
436 10.476000 1.001909
437 10.500000 1.002007
438 10.524000 1.001506
439 10.548000 1.001595
440 10.572000 1.001824
441 10.596000 1.002317
442 10.620000 1.002425
443 10.644000 1.002579
444 10.668000 1.002500
445 10.692000 1.002516
446 10.716000 1.002321
447 10.740000 1.002543
448 10.764000 1.001849
449 10.788000 1.001929
450 10.812000 1.001900
451 10.836000 1.001599
452 10.860000 1.001806
453 10.884000 1.001319
454 10.908000 1.001404
455 10.932000 1.001339
456 10.956000 1.001703
457 10.980000 1.001126
458 11.004000 1.001256
459 11.028000 1.000901
460 11.052000 1.000589
461 11.076000 1.001586
462 11.100000 1.001297
463 11.124000 1.000837
464 11.148000 1.000361
465 11.172000 1.000102
466 11.196000 1.000651
467 11.220000 1.000545
468 11.244000 1.000210
469 11.268000 1.000996
470 11.292000 1.000777
471 11.316000 1.001008
472 11.340000 1.000224
473 11.364000 0.999925
474 11.388000 1.000265
475 11.412000 1.000088
476 11.436000 0.999496
477 11.460000 0.999368
478 11.484000 0.999588
479 11.508000 0.999415
480 11.532000 1.000073
481 11.556000 1.000182
482 11.580000 1.000532
483 11.604000 0.999759
484 11.628000 0.999249
485 11.652000 0.999362
486 11.676000 0.999967
487 11.700000 0.999519
488 11.724000 0.999901
489 11.748000 0.999677
490 11.772000 1.000469
491 11.796000 1.000596
492 11.820000 1.000754
493 11.844000 1.000678
494 11.868000 1.001067
495 11.892000 1.001076
496 11.916000 1.001067
497 11.940000 1.000664
498 11.964000 1.000920
499 11.988000 1.000358
