#Percentage conformations found in torsional forms:
#--------------------------------------------------
# synperiplanar form         [-30:30,330:360]: 0.561118 %
# synclinal+ (gauche+) form           [30:90]: 26.754646 %
# anticlinal+ form                   [90:150]: 2.190538 %
# antiperiplanar+ (trans,anti) form [150:210]: 41.550090 %
# anticlinal- form                  [210:270]: 2.179897 %
# synclinal- (gauche-) form         [270:330]: 26.763711 %
0 2.08843e-05
0.36 1.43049e-05
0.72 1.88468e-05
1.08 1.60877e-05
1.44 1.85072e-05
1.8 2.11389e-05
2.16 1.59603e-05
2.52 1.34559e-05
2.88 2.32613e-05
3.24 2.19455e-05
3.6 1.77856e-05
3.96 1.95684e-05
4.32 1.68942e-05
4.68 1.95684e-05
5.04 1.77007e-05
5.4 2.20303e-05
5.76 2.10965e-05
6.12 1.9441e-05
6.48 2.64449e-05
6.84 2.18181e-05
7.2 2.07145e-05
7.56 1.80827e-05
7.92 2.64449e-05
8.28 2.21152e-05
8.64 2.83126e-05
9 2.00778e-05
9.36 2.11389e-05
9.72 2.70816e-05
10.08 3.01379e-05
10.44 3.13688e-05
10.8 2.80579e-05
11.16 2.90342e-05
11.52 2.87795e-05
11.88 3.54014e-05
12.24 3.42128e-05
12.6 3.10717e-05
12.96 3.47222e-05
13.32 3.51467e-05
13.68 3.72266e-05
14.04 3.85849e-05
14.4 4.29571e-05
14.76 4.42305e-05
15.12 5.01307e-05
15.48 4.57586e-05
15.84 4.72867e-05
16.2 4.63104e-05
16.56 5.82382e-05
16.92 5.41632e-05
17.28 6.35017e-05
17.64 5.83231e-05
18 7.12272e-05
18.36 7.47504e-05
18.72 6.63882e-05
19.08 7.85707e-05
19.44 9.0838e-05
19.8 8.61264e-05
20.16 8.39615e-05
20.52 9.47857e-05
20.88 0.000104718
21.24 0.000112401
21.6 0.000119193
21.96 0.000111383
22.32 0.000132861
22.68 0.0001377
23.04 0.000139568
23.4 0.000162829
23.76 0.000155359
24.12 0.000161174
24.48 0.000178662
24.84 0.000200311
25.2 0.000209776
25.56 0.000214403
25.92 0.000216568
26.28 0.000251078
26.64 0.000259568
27 0.000268482
27.36 0.000270349
27.72 0.000298874
28.08 0.000325828
28.44 0.000321074
28.8 0.000365941
29.16 0.000384406
29.52 0.00039765
29.88 0.000421421
30.24 0.000457968
30.6 0.000443833
30.96 0.000502793
31.32 0.000530893
31.68 0.000523804
32.04 0.000592655
32.4 0.000629669
32.76 0.000700005
33.12 0.000696439
33.48 0.000744957
33.84 0.000814953
34.2 0.000818306
34.56 0.000871026
34.92 0.00091878
35.28 0.000944503
35.64 0.00102846
36 0.00109829
36.36 0.00113047
36.72 0.00120441
37.08 0.00125696
37.44 0.00132802
37.8 0.00140837
38.16 0.00141232
38.52 0.00154565
38.88 0.00164769
39.24 0.00170449
39.6 0.00183815
39.96 0.0019368
40.32 0.00193888
40.68 0.00199041
41.04 0.00216037
41.4 0.00225053
41.76 0.00240415
42.12 0.00246905
42.48 0.0025708
42.84 0.00265557
43.2 0.00284527
43.56 0.00293776
43.92 0.00309159
44.28 0.00317543
44.64 0.00333223
45 0.00346891
45.36 0.00355198
45.72 0.00367996
46.08 0.00383073
46.44 0.00399743
46.8 0.00419583
47.16 0.00431625
47.52 0.00439537
47.88 0.00456495
48.24 0.00473559
48.6 0.00493272
48.96 0.00509962
49.32 0.0052057
49.68 0.00537256
50.04 0.00557593
50.4 0.0056781
50.76 0.00580425
51.12 0.00591615
51.48 0.0061494
51.84 0.00628489
52.2 0.00644453
52.56 0.00654632
52.92 0.00675924
53.28 0.00685169
53.64 0.00718079
54 0.00720104
54.36 0.00718979
54.72 0.00747508
55.08 0.00749524
55.44 0.0077422
55.8 0.00779891
56.16 0.00793886
56.52 0.00795937
56.88 0.0081244
57.24 0.00823107
57.6 0.00832425
57.96 0.00829402
58.32 0.00841343
58.68 0.00855711
59.04 0.00850694
59.4 0.00859179
59.76 0.00865648
60.12 0.00865831
60.48 0.00889177
60.84 0.00878281
61.2 0.00869227
61.56 0.00886741
61.92 0.00880356
62.28 0.00883846
62.64 0.00873179
63 0.00876736
63.36 0.00872325
63.72 0.00859646
64.08 0.00854268
64.44 0.00856734
64.8 0.0083301
65.16 0.00838643
65.52 0.00837162
65.88 0.0081848
66.24 0.00809749
66.6 0.00798012
66.96 0.00801166
67.32 0.00782077
67.68 0.00774509
68.04 0.0076087
68.4 0.00754622
68.76 0.00728975
69.12 0.00718711
69.48 0.00708668
69.84 0.00694584
70.2 0.00682784
70.56 0.00659276
70.92 0.00646678
71.28 0.00634109
71.64 0.00613781
72 0.00608789
72.36 0.00590435
72.72 0.00579441
73.08 0.00571197
73.44 0.00548
73.8 0.00533355
74.16 0.00512484
74.52 0.00500683
74.88 0.00483751
75.24 0.0047156
75.6 0.00459101
75.96 0.00442059
76.32 0.004219
76.68 0.00417414
77.04 0.00401373
77.4 0.0037798
77.76 0.00376965
78.12 0.00366557
78.48 0.00347736
78.84 0.00341398
79.2 0.00328129
79.56 0.00316172
79.92 0.00306311
80.28 0.00287978
80.64 0.0027726
81 0.00267488
81.36 0.00259958
81.72 0.00240271
82.08 0.00231921
82.44 0.00229837
82.8 0.00217803
83.16 0.00211589
83.52 0.00206478
83.88 0.00192768
84.24 0.00184953
84.6 0.00175848
84.96 0.00170483
85.32 0.00161747
85.68 0.00157549
86.04 0.00150897
86.4 0.00144416
86.76 0.00137594
87.12 0.00126647
87.48 0.00122092
87.84 0.00119465
88.2 0.00111311
88.56 0.001071
88.92 0.00101123
89.28 0.0009982
89.64 0.000908041
90 0.000910121
90.36 0.000839021
90.72 0.000862877
91.08 0.000785834
91.44 0.00076652
91.8 0.000684724
92.16 0.000688459
92.52 0.000638838
92.88 0.000576227
93.24 0.000561625
93.6 0.000555937
93.96 0.000542312
94.32 0.00050067
94.68 0.000501817
95.04 0.000476263
95.4 0.000470151
95.76 0.00045054
96.12 0.000423925
96.48 0.000394084
96.84 0.000387547
97.2 0.000357664
97.56 0.000337247
97.92 0.000333427
98.28 0.000343614
98.64 0.000305581
99 0.000300869
99.36 0.000294927
99.72 0.000289026
100.08 0.000278245
100.44 0.000242419
100.8 0.00025596
101.16 0.000233632
101.52 0.000225397
101.88 0.000218436
102.24 0.00020082
102.6 0.000201711
102.96 0.000196023
103.32 0.000202263
103.68 0.000188935
104.04 0.000175351
104.4 0.000157354
104.76 0.00016406
105.12 0.000169494
105.48 0.000152684
105.84 0.000155359
106.2 0.000148015
106.56 0.000145893
106.92 0.000137191
107.28 0.0001422
107.64 0.000147973
108 0.000116222
108.36 0.000156929
108.72 0.000126494
109.08 0.000126749
109.44 0.000118811
109.8 0.000115543
110.16 0.000120764
110.52 0.000112826
110.88 0.000105822
111.24 0.000117113
111.6 0.000108878
111.96 0.00010162
112.32 0.000104634
112.68 0.00010561
113.04 9.92427e-05
113.4 9.70354e-05
113.76 0.000104252
114.12 9.02013e-05
114.48 9.59742e-05
114.84 0.000107605
115.2 8.89703e-05
115.56 0.000101832
115.92 9.61016e-05
116.28 0.00010561
116.64 0.00010977
117 0.000110364
117.36 8.8843e-05
117.72 9.99218e-05
118.08 9.09229e-05
118.44 9.01164e-05
118.8 9.21115e-05
119.16 0.000103403
119.52 0.000101153
119.88 9.4149e-05
120.24 0.000102978
120.6 0.000106713
120.96 9.84786e-05
121.32 0.000106331
121.68 9.60167e-05
122.04 0.000115755
122.4 0.000111765
122.76 0.00011376
123.12 0.000101577
123.48 0.000117368
123.84 0.000106926
124.2 0.000129932
124.56 0.000126027
124.92 0.000134644
125.28 0.000128489
125.64 0.000136851
126 0.000133965
126.36 0.000132734
126.72 0.000133243
127.08 0.000150137
127.44 0.000141818
127.8 0.000139568
128.16 0.00014186
128.52 0.000140587
128.88 0.000182865
129.24 0.000180233
129.6 0.000179681
129.96 0.000182695
130.32 0.000192543
130.68 0.0001703
131.04 0.000187449
131.4 0.000187364
131.76 0.000192203
132.12 0.000227817
132.48 0.000227053
132.84 0.00022943
133.2 0.000249083
133.56 0.00024348
133.92 0.000258846
134.28 0.000272811
134.64 0.000283296
135 0.000299086
135.36 0.000306812
135.72 0.000309826
136.08 0.000313434
136.44 0.000333851
136.8 0.000369762
137.16 0.000387335
137.52 0.000372563
137.88 0.000391453
138.24 0.00039332
138.6 0.000440904
138.96 0.000434197
139.32 0.000460472
139.68 0.000485856
140.04 0.000496765
140.4 0.000524017
140.76 0.00057593
141.12 0.000600932
141.48 0.000568077
141.84 0.000616086
142.2 0.000658788
142.56 0.000700302
142.92 0.000734005
143.28 0.000755017
143.64 0.000781462
144 0.000836517
144.36 0.000877945
144.72 0.000895689
145.08 0.000967468
145.44 0.000973156
145.8 0.00101034
146.16 0.00110326
146.52 0.00110474
146.88 0.00116769
147.24 0.00121485
147.6 0.00125794
147.96 0.00132063
148.32 0.00138562
148.68 0.00141296
149.04 0.00148478
149.4 0.00153928
149.76 0.00161743
150.12 0.00172512
150.48 0.00175296
150.84 0.00182164
151.2 0.00195518
151.56 0.00201915
151.92 0.00204997
152.28 0.00211979
152.64 0.00226811
153 0.00237839
153.36 0.00245632
153.72 0.0025683
154.08 0.00262535
154.44 0.00277213
154.8 0.00280889
155.16 0.00296242
155.52 0.0031222
155.88 0.00319444
156.24 0.00332213
156.6 0.00345775
156.96 0.0035572
157.32 0.00372283
157.68 0.00385973
158.04 0.00392662
158.4 0.00413122
158.76 0.00425415
159.12 0.00438077
159.48 0.00456024
159.84 0.00469594
160.2 0.00489481
160.56 0.00497232
160.92 0.00506791
161.28 0.00529378
161.64 0.00545881
162 0.00556841
162.36 0.00587344
162.72 0.00586737
163.08 0.00621073
163.44 0.00634007
163.8 0.00663249
164.16 0.00652446
164.52 0.00687292
164.88 0.00692878
165.24 0.00720299
165.6 0.00746948
165.96 0.00748119
166.32 0.00763133
166.68 0.00783083
167.04 0.00811141
167.4 0.00821184
167.76 0.00838376
168.12 0.00860092
168.48 0.00866947
168.84 0.0088233
169.2 0.00900506
169.56 0.00916242
169.92 0.00928119
170.28 0.00952709
170.64 0.00954988
171 0.00983156
171.36 0.00994443
171.72 0.0101085
172.08 0.0101661
172.44 0.0103645
172.8 0.0104525
173.16 0.0104281
173.52 0.0106449
173.88 0.0107316
174.24 0.0108992
174.6 0.0109203
174.96 0.0109457
175.32 0.0110794
175.68 0.0112024
176.04 0.0112651
176.4 0.0113484
176.76 0.011315
177.12 0.0115741
177.48 0.0115382
177.84 0.0115909
178.2 0.0115231
178.56 0.0116068
178.92 0.0117465
179.28 0.0116274
179.64 0.0116207
180 0.0117587
180.36 0.011599
180.72 0.0117285
181.08 0.011594
181.44 0.0117021
181.8 0.0115896
182.16 0.0115226
182.52 0.0116073
182.88 0.0113763
183.24 0.0114138
183.6 0.0112658
183.96 0.0112764
184.32 0.0109948
184.68 0.0110218
185.04 0.010886
185.4 0.0107731
185.76 0.0107416
186.12 0.010597
186.48 0.0104578
186.84 0.0104825
187.2 0.010244
187.56 0.0102176
187.92 0.0100856
188.28 0.00998446
188.64 0.00977672
189 0.0097819
189.36 0.00948659
189.72 0.0092957
190.08 0.00928772
190.44 0.00911891
190.8 0.00889152
191.16 0.00874278
191.52 0.00851246
191.88 0.00836899
192.24 0.00812135
192.6 0.00790058
192.96 0.00784841
193.32 0.00767429
193.68 0.00748764
194.04 0.007326
194.4 0.00714704
194.76 0.00701889
195.12 0.0068348
195.48 0.00660927
195.84 0.00651483
196.2 0.00629325
196.56 0.00608381
196.92 0.00584551
197.28 0.00571762
197.64 0.00561642
198 0.00556875
198.36 0.00521572
198.72 0.00511626
199.08 0.00496103
199.44 0.00485007
199.8 0.00478402
200.16 0.00453464
200.52 0.00445497
200.88 0.00422469
201.24 0.00413449
201.6 0.00397455
201.96 0.00381893
202.32 0.0036553
202.68 0.00354532
203.04 0.00349383
203.4 0.0033585
203.76 0.0031969
204.12 0.00310768
204.48 0.00296136
204.84 0.00284124
205.2 0.00278457
205.56 0.00267293
205.92 0.00260213
206.28 0.00245203
206.64 0.00235355
207 0.00231896
207.36 0.00215371
207.72 0.00209628
208.08 0.00200425
208.44 0.00191414
208.8 0.00183497
209.16 0.00177389
209.52 0.00168055
209.88 0.00158962
210.24 0.00157494
210.6 0.00152264
210.96 0.00139267
211.32 0.00140065
211.68 0.00133723
212.04 0.00127721
212.4 0.00121099
212.76 0.00117508
213.12 0.00108203
213.48 0.00103721
213.84 0.000993446
214.2 0.000953035
214.56 0.000957917
214.92 0.000875526
215.28 0.000864617
215.64 0.000826711
216 0.000791564
216.36 0.000773312
216.72 0.000696736
217.08 0.000692661
217.44 0.00064478
217.8 0.000648686
218.16 0.000610143
218.52 0.000573001
218.88 0.00053777
219.24 0.000562856
219.6 0.000485686
219.96 0.000495619
220.32 0.000454275
220.68 0.000420275
221.04 0.000424986
221.4 0.000390306
221.76 0.000394763
222.12 0.000378336
222.48 0.000350533
222.84 0.000346076
223.2 0.000337671
223.56 0.000313603
223.92 0.00031025
224.28 0.000301548
224.64 0.000279094
225 0.000278372
225.36 0.000267378
225.72 0.000255068
226.08 0.000244838
226.44 0.000224591
226.8 0.000232953
227.16 0.000228114
227.52 0.00021279
227.88 0.000202051
228.24 0.000184478
228.6 0.000181506
228.96 0.000194708
229.32 0.000181337
229.68 0.0001748
230.04 0.000173951
230.4 0.000152515
230.76 0.000172677
231.12 0.000172125
231.48 0.000157226
231.84 0.000136215
232.2 0.000136682
232.56 0.00013422
232.92 0.000143643
233.28 0.000143261
233.64 0.000132649
234 0.000127385
234.36 0.00012781
234.72 0.000111722
235.08 0.000121103
235.44 0.000120849
235.8 0.000121613
236.16 0.000112911
236.52 0.000114354
236.88 0.000124202
237.24 9.58044e-05
237.6 0.000120169
237.96 0.000112996
238.32 0.000103785
238.68 0.000109557
239.04 9.96672e-05
239.4 9.1305e-05
239.76 0.000101747
240.12 9.74599e-05
240.48 9.62289e-05
240.84 0.000108411
241.2 0.000108029
241.56 8.6381e-05
241.92 9.15172e-05
242.28 9.52102e-05
242.64 0.000101025
243 9.24935e-05
243.36 9.7757e-05
243.72 0.000108284
244.08 8.65508e-05
244.44 9.63138e-05
244.8 0.000107605
245.16 8.93524e-05
245.52 0.00011393
245.88 0.000116179
246.24 9.94974e-05
246.6 0.000104082
246.96 9.21539e-05
247.32 9.75023e-05
247.68 0.000110704
248.04 0.000109812
248.4 0.000115797
248.76 0.000114354
249.12 0.000110916
249.48 0.000104124
249.84 0.000108496
250.2 0.000118344
250.56 0.000124839
250.92 0.000125221
251.28 0.000121782
251.64 0.000135833
252 0.000135451
252.36 0.000124244
252.72 0.000144152
253.08 0.000136894
253.44 0.000169366
253.8 0.000163424
254.16 0.000163296
254.52 0.000171956
254.88 0.000166565
255.24 0.000174884
255.6 0.000179723
255.96 0.000186388
256.32 0.000189656
256.68 0.000197127
257.04 0.000198995
257.4 0.000219115
257.76 0.000218351
258.12 0.000229175
258.48 0.000244032
258.84 0.000258846
259.2 0.000245984
259.56 0.000253837
259.92 0.000270816
260.28 0.000276674
260.64 0.000295181
261 0.000304223
261.36 0.000321371
261.72 0.000362249
262.08 0.000346585
262.44 0.000349769
262.8 0.000376384
263.16 0.000408262
263.52 0.000462298
263.88 0.000422185
264.24 0.000462213
264.6 0.000479829
264.96 0.000487384
265.32 0.000531487
265.68 0.000522828
266.04 0.000562389
266.4 0.000610398
266.76 0.000617656
267.12 0.00061685
267.48 0.000685233
267.84 0.000700472
268.2 0.000739396
268.56 0.000765926
268.92 0.000807185
269.28 0.000844327
269.64 0.000905579
270 0.000945183
270.36 0.00100452
270.72 0.00100618
271.08 0.00109753
271.44 0.00114367
271.8 0.00120598
272.16 0.00127772
272.52 0.00126855
272.88 0.00136817
273.24 0.00142399
273.6 0.00149556
273.96 0.00154913
274.32 0.0016634
274.68 0.00170364
275.04 0.0017297
275.4 0.00185059
275.76 0.00190085
276.12 0.00202947
276.48 0.00208414
276.84 0.00222324
277.2 0.00223305
277.56 0.002389
277.92 0.00244639
278.28 0.00255989
278.64 0.00269653
279 0.00282561
279.36 0.00290385
279.72 0.00300194
280.08 0.00311316
280.44 0.00325081
280.8 0.0033386
281.16 0.0034639
281.52 0.00361183
281.88 0.00374974
282.24 0.00391279
282.6 0.00406386
282.96 0.00417006
283.32 0.00432198
283.68 0.00443455
284.04 0.00455667
284.4 0.00471751
284.76 0.00488547
285.12 0.00502054
285.48 0.00510573
285.84 0.00529085
286.2 0.00553386
286.56 0.00572174
286.92 0.00574504
287.28 0.00600966
287.64 0.00612762
288 0.00622215
288.36 0.00637335
288.72 0.00654917
289.08 0.0067033
289.44 0.00676497
289.8 0.00699911
290.16 0.00708388
290.52 0.00731692
290.88 0.0073763
291.24 0.00743246
291.6 0.00756736
291.96 0.00775354
292.32 0.00786174
292.68 0.00797151
293.04 0.00800996
293.4 0.00812954
293.76 0.00818926
294.12 0.00823451
294.48 0.00839772
294.84 0.00853105
295.2 0.00843643
295.56 0.0086117
295.92 0.00858993
296.28 0.00865088
296.64 0.00872665
297 0.00880314
297.36 0.00874342
297.72 0.00875929
298.08 0.00865593
298.44 0.00880845
298.8 0.00875025
299.16 0.00877818
299.52 0.0086547
299.88 0.00861365
300.24 0.00861968
300.6 0.00860516
300.96 0.00850664
301.32 0.00843898
301.68 0.00841101
302.04 0.00832433
302.4 0.00812992
302.76 0.00812491
303.12 0.00803989
303.48 0.00786628
303.84 0.00786653
304.2 0.00774475
304.56 0.00751808
304.92 0.00745063
305.28 0.00725295
305.64 0.00722417
306 0.0069438
306.36 0.00695853
306.72 0.00664132
307.08 0.00656161
307.44 0.00645769
307.8 0.00631579
308.16 0.00617325
308.52 0.00602282
308.88 0.00578978
309.24 0.00564092
309.6 0.00545499
309.96 0.00535015
310.32 0.00523486
310.68 0.00509988
311.04 0.00492987
311.4 0.00473848
311.76 0.00454636
312.12 0.00441571
312.48 0.00433314
312.84 0.00409068
313.2 0.00398104
313.56 0.00385489
313.92 0.00371927
314.28 0.00359498
314.64 0.0033852
315 0.00329619
315.36 0.00313345
315.72 0.00308399
316.08 0.00294842
316.44 0.002808
316.8 0.00267701
317.16 0.00258634
317.52 0.00239282
317.88 0.00240937
318.24 0.0022625
318.6 0.0022066
318.96 0.00202955
319.32 0.0020574
319.68 0.00191405
320.04 0.00176519
320.4 0.00165614
320.76 0.00163712
321.12 0.00153402
321.48 0.00151649
321.84 0.00143125
322.2 0.0012826
322.56 0.00128247
322.92 0.00116319
323.28 0.0011778
323.64 0.00105724
324 0.00105258
324.36 0.000963053
324.72 0.000928119
325.08 0.000873616
325.44 0.00081109
325.8 0.000756588
326.16 0.000768558
326.52 0.000701745
326.88 0.000683026
327.24 0.00063298
327.6 0.000596517
327.96 0.000569181
328.32 0.000541208
328.68 0.000495746
329.04 0.000469259
329.4 0.000436956
329.76 0.000411318
330.12 0.000419426
330.48 0.00036314
330.84 0.000359787
331.2 0.000328078
331.56 0.000323027
331.92 0.000312373
332.28 0.000287795
332.64 0.00025388
333 0.000265298
333.36 0.000240042
333.72 0.00022493
334.08 0.000214064
334.44 0.000197382
334.8 0.000186006
335.16 0.00017204
335.52 0.00018902
335.88 0.000160749
336.24 0.000155995
336.6 0.000144831
336.96 0.000135153
337.32 0.000126919
337.68 0.000139016
338.04 0.000132225
338.4 0.000123523
338.76 0.000108369
339.12 9.99218e-05
339.48 8.65508e-05
339.84 7.88253e-05
340.2 8.70602e-05
340.56 8.51076e-05
340.92 7.52173e-05
341.28 8.05233e-05
341.64 7.38165e-05
342 7.08876e-05
342.36 6.27801e-05
342.72 6.2865e-05
343.08 5.28049e-05
343.44 4.52492e-05
343.8 5.16588e-05
344.16 4.88997e-05
344.52 3.80756e-05
344.88 4.20657e-05
345.24 4.59284e-05
345.6 4.6268e-05
345.96 4.24052e-05
346.32 3.45524e-05
346.68 3.66748e-05
347.04 3.92641e-05
347.4 3.31941e-05
347.76 3.85e-05
348.12 2.45772e-05
348.48 2.80155e-05
348.84 2.69543e-05
349.2 2.57657e-05
349.56 3.1666e-05
349.92 2.58931e-05
350.28 3.14113e-05
350.64 2.6742e-05
351 2.52988e-05
351.36 2.39829e-05
351.72 1.87194e-05
352.08 2.04173e-05
352.44 1.60028e-05
352.8 1.56207e-05
353.16 1.43473e-05
353.52 1.89317e-05
353.88 2.54686e-05
354.24 1.62575e-05
354.6 1.93137e-05
354.96 1.7446e-05
355.32 1.52812e-05
355.68 1.69791e-05
356.04 1.45171e-05
356.4 1.3371e-05
356.76 1.64273e-05
357.12 1.98231e-05
357.48 2.16483e-05
357.84 1.37955e-05
358.2 1.47293e-05
358.56 2.11389e-05
358.92 1.23098e-05
359.28 1.5833e-05
359.64 1.60877e-05
